1 0.9158843666208792 0.9626338339542546 0.0996062018192454 0.07473233209149086
0 0.8808158538005977 0.9237018458822416 0.05694351282028158 0.05130355042954129
1 0.24303971794478688 0.8341647173219975 0.10273120181924558 0.09734639077317446
1 0.2651393881276133 0.6560740168470277 0.10429370181924558 0.09742827792830404
2 0.10622449875714572 0.45680659995457146 0.10280397642635145 0.09890889077317447
1 0.42649834160399785 0.15484014472990326 0.10436647642635144 0.09899077792830413
2 0.6136880882942289 0.4257302561044355 0.10280397642635145 0.09890889077317447
2 0.6290006809316842 0.6541009175698248 0.09960620181924558 0.09718261646291496
1 0.7320080186067406 0.8075744776103043 0.10280397642635145 0.09890889077317411
2 0.8390028813031876 0.8124024977366926 0.1027312018192454 0.09734639077317411
2 0.7199317419327202 0.615223203300045 0.10273120181924558 0.09734639077317446