2 0.413635978125 0.0810546875 0.4115574046875 0.0791015625 0.40947883125000006 0.0673828125 0.3918109640625 0.048828125 0.3772609546875 0.04296875 0.35855380000000003 0.04296875 0.3419252171875 0.048828125 0.3304930671875 0.0576171875 0.3221787765625 0.0712890625 0.3221787765625 0.0771484375 0.320100203125 0.0791015625 0.320100203125 0.0947265625 0.3221787765625 0.0966796875 0.32425735 0.1064453125 0.3284144953125 0.1123046875 0.344003790625 0.125 0.360632371875 0.130859375 0.3741430953125 0.1298828125 0.389732390625 0.125 0.4032431140625 0.1142578125 0.40947883125000006 0.1044921875 0.40947883125000006 0.1005859375 0.413635978125 0.0927734375 0.413635978125 0.0810546875
2 0.6693004265625 0.1451021953125 0.6630647078125 0.1294771953125 0.6474754125 0.11482875781249999 0.6350039765625 0.10896938281249999 0.620453965625 0.10701625781249999 0.61837539375 0.10896938281249999 0.610061103125 0.10896938281249999 0.5996682390625 0.11287563437499999 0.58407894375 0.12557094687499998 0.5799217984375 0.1314303203125 0.5799217984375 0.1353365703125 0.5757646515625 0.1431490703125 0.5757646515625 0.1607271953125 0.577843225 0.1626803203125 0.5799217984375 0.17244594687499998 0.59551109375 0.1890475078125 0.6142182484375 0.1968600078125 0.6298075437499999 0.19588344687499998 0.6495539859374999 0.1890475078125 0.6589075625 0.18025844687499998 0.667221853125 0.1665865703125 0.667221853125 0.1607271953125 0.6693004265625 0.1587740703125 0.6693004265625 0.1451021953125
2 0.6214932531249999 0.4111328125 0.610061103125 0.400390625 0.603825384375 0.396484375 0.5996682390625 0.396484375 0.5913539484375 0.392578125 0.5768039390624999 0.392578125 0.574725365625 0.39453125 0.5643325015625 0.396484375 0.558096784375 0.400390625 0.5445860609375 0.4130859375 0.5383503421875 0.4248046875 0.5362717703125 0.4423828125 0.5425074875 0.4580078125 0.5560182109375 0.47265625 0.574725365625 0.48046875 0.598628953125 0.4794921875 0.61837539375 0.466796875 0.6256503984374999 0.4580078125 0.6256503984374999 0.4541015625 0.6298075437499999 0.4462890625 0.6298075437499999 0.4267578125 0.6214932531249999 0.4111328125
1 0.43650027812500003 0.3603515625 0.42298955468750005 0.345703125 0.41259669062500004 0.33984375 0.40843954531250004 0.33984375 0.40012525468750004 0.3359375 0.389732390625 0.3359375 0.38765381875 0.337890625 0.37518238125000003 0.33984375 0.355435940625 0.3564453125 0.3512787953125 0.3642578125 0.3512787953125 0.3720703125 0.349200221875 0.3740234375 0.3512787953125 0.3759765625 0.3512787953125 0.3955078125 0.355435940625 0.4033203125 0.3689466640625 0.41796875 0.3772609546875 0.419921875 0.3814181 0.423828125 0.4053216875 0.4228515625 0.41675383750000006 0.419921875 0.4344217046875 0.4033203125 0.44065742343750003 0.3896484375 0.44065742343750003 0.3720703125 0.43857885156250004 0.3701171875 0.43650027812500003 0.3603515625
2 0.3575145140625 0.2060546875 0.337768071875 0.1875 0.32737520781249996 0.18359375 0.31490377187499996 0.181640625 0.3128251984375 0.18359375 0.2961966171875 0.185546875 0.2764501765625 0.2021484375 0.27229303125 0.2080078125 0.27229303125 0.2119140625 0.268135884375 0.2197265625 0.268135884375 0.2333984375 0.2702144578125 0.2353515625 0.27229303125 0.2451171875 0.2764501765625 0.2509765625 0.2899608984375 0.263671875 0.2961966171875 0.267578125 0.3003537625 0.267578125 0.308668053125 0.271484375 0.3221787765625 0.2705078125 0.3336109265625 0.267578125 0.3533573671875 0.2509765625 0.361671659375 0.2353515625 0.361671659375 0.2177734375 0.3595930859375 0.2158203125 0.3575145140625 0.2060546875
1 0.7389326125 0.44921875 0.7243826046875 0.443359375 0.7035968765625 0.443359375 0.6890468671875001 0.44921875 0.673457571875 0.4638671875 0.667221853125 0.4794921875 0.667221853125 0.4951171875 0.6693004265625 0.4970703125 0.6713789984375 0.5068359375 0.67553614375 0.5126953125 0.6932040125000001 0.52734375 0.6973611578125001 0.52734375 0.7056754484375001 0.53125 0.7254218906250001 0.5302734375 0.7389326125 0.525390625 0.75660048125 0.5068359375 0.760757628125 0.4970703125 0.760757628125 0.4775390625 0.754521909375 0.4638671875 0.7389326125 0.44921875
2 0.7337361812500001 0.6005859375 0.7337361812500001 0.5888671875 0.7275004640625 0.5732421875 0.7098325953125 0.556640625 0.69943973125 0.552734375 0.6932040125000001 0.552734375 0.691125440625 0.55078125 0.6828111484375 0.55078125 0.6807325765625001 0.552734375 0.6744968578125 0.552734375 0.6599468484375001 0.55859375 0.6485146984375 0.5693359375 0.6422789796874999 0.5791015625 0.6381218343749999 0.5986328125 0.6402004078125 0.6005859375 0.644357553125 0.6162109375 0.6641039937500001 0.634765625 0.6744968578125 0.638671875 0.6828111484375 0.638671875 0.6848897218750001 0.640625 0.690086153125 0.6396484375 0.6973611578125001 0.638671875 0.7119111671875 0.6328125 0.7233433171875 0.6220703125 0.731657609375 0.6083984375 0.731657609375 0.6025390625 0.7337361812500001 0.6005859375
0 0.37102523593750003 0.7890625 0.35439665468750003 0.7890625 0.34088593125 0.7998046875 0.3367287859375 0.8076171875 0.3367287859375 0.8173828125 0.35231808125 0.833984375 0.3679073765625 0.8330078125 0.37518238125000003 0.830078125 0.3824573859375 0.8232421875 0.38661453125 0.8154296875 0.38661453125 0.8076171875 0.378300240625 0.7939453125 0.37102523593750003 0.7890625
1 0.3296875 0.76640625 0.0953125 0.09609375
1 0.1829144015625 0.3583984375 0.1694036796875 0.34765625 0.165246534375 0.34765625 0.1569322421875 0.34375 0.136146515625 0.34375 0.12159650625 0.349609375 0.10600721093750001 0.3662109375 0.1018500640625 0.3759765625 0.1018500640625 0.3994140625 0.1080857828125 0.4111328125 0.1195179328125 0.421875 0.129910796875 0.427734375 0.136146515625 0.427734375 0.1465393796875 0.431640625 0.14965723749999998 0.4306640625 0.1631679609375 0.427734375 0.1777179703125 0.419921875 0.1829144015625 0.4150390625 0.193307265625 0.3955078125 0.193307265625 0.3779296875 0.1829144015625 0.3583984375
1 0.1517358109375 0.3408203125 0.147578665625 0.3330078125 0.142382234375 0.328125 0.136146515625 0.326171875 0.1319893703125 0.322265625 0.12159650625 0.3203125 0.1195179328125 0.318359375 0.10704649687500001 0.318359375 0.10496792343750001 0.3203125 0.0945750609375 0.322265625 0.084182196875 0.328125 0.0706714734375 0.3427734375 0.0706714734375 0.3466796875 0.066514328125 0.3544921875 0.066514328125 0.3701171875 0.072750046875 0.3857421875 0.0924964875 0.40234375 0.0966536328125 0.404296875 0.1018500640625 0.4033203125 0.1018500640625 0.3740234375 0.1080857828125 0.3623046875 0.12159650625 0.349609375 0.1340679421875 0.34375 0.1486179515625 0.34375 0.1517358109375 0.3408203125