1 0.9680993892051071 0.0933127674649485 0.062273903408566866 0.07727157200827235
2 0.9630577386392096 0.42691560813172125 0.061175053570722324 0.10381589067472685
0 0.7843969504897625 0.4107713454407678 0.06043866801906326 0.06162839067472685
2 0.6860205369382215 0.9433287594286774 0.10503414772652384 0.11057496801399935
2 0.6875610864484589 0.5417026247612684 0.10347164772652384 0.11055678668045381
1 0.6733054918856205 0.3735338800922685 0.10503414772652384 0.11057496801399935
1 0.5123037621781599 0.42010779340386034 0.10503414772652384 0.11057496801399935
2 0.5345121785756654 0.6250952854073601 0.10503414772652384 0.11057496801399935
1 0.32244282670922625 0.6874845553787252 0.10503414772652384 0.11057496801399935
2 0.5160050551955756 0.11852711207031494 0.10977619480442442 0.11375451201463571
1 0.2850647467535891 0.0533271840388164 0.10799550649282175 0.10123633068109025