2 0.5676542335981433 0.866294567160892 0.10527837334017516 0.10521826805616712
1 0.050097011412877354 0.4178670570789089 0.09590337334017515 0.10489088584218216
1 0.4119940651766242 0.7045088736916466 0.10527837334017516 0.1052182680561673
2 0.2213220507386847 0.3001462998225148 0.10840337334017516 0.105327395460829
2 0.6288800206844554 0.24215517351416138 0.10840337334017516 0.1053273954608291
2 0.6899215389330239 0.12359365727209257 0.10684087334017515 0.10527283175849819
2 0.8856476502711466 0.1878669444807356 0.10684996369925485 0.1068353317584982
1 0.7602850776696559 0.3985366043695349 0.10684996369925485 0.10683533175849816
1 0.5769731288011242 0.4533853393934105 0.10684087334017515 0.10527283175849825
1 0.6909634268093343 0.5713044709744235 0.10684996369925485 0.10683533175849824
0 0.4398418092246958 0.6558704770496913 0.05499657220870695 0.055034729581579886