1 0.4635212624360136 0.7574526209444579 0.10672139077317447 0.10021028003177204
2 0.1257257705766139 0.9815170068998589 0.10023901741285454 0.036093232953871277
2 0.18340107247649326 0.8585237918028948 0.10655761646291487 0.09708528003177222
0 0.5016520262308235 0.6942298721622738 0.06051477611928178 0.0525716209411625
1 0.7815464868825586 0.49932688068698583 0.10655761646291495 0.09708528003177222
2 0.8917702566702623 0.3793262520351855 0.10672139077317411 0.10021028003177213
1 0.8052474219808389 0.05632117451847559 0.10984639077317446 0.10026482710967277
2 0.36075819482076027 0.24393163758354935 0.10984639077317446 0.1002648271096728
1 0.31327012041964375 0.41210098498576164 0.10672139077317437 0.10021028003177204
2 0.08863088930283633 0.2737045068998588 0.10968261646291486 0.0971398271096728
1 0.45755786747896765 0.7630304651002592 0.10688516508343379 0.10333528003177203