1 0.8130844239054621 0.9125698467908121 0.09660940637700648 0.08920634215265544
2 0.7709732462704137 0.7051977600652236 0.09751016508343398 0.10639384215265543
2 0.6295902504542852 0.816228192561512 0.10063516508343398 0.10655761646291495
2 0.9090496941433918 0.151809409206141 0.09734639077317446 0.10326884215265535
2 0.4606520584586001 0.3529446997976013 0.10063516508343398 0.10655761646291495
2 0.44621217944407066 0.1378895878572422 0.1006351650834338 0.10655761646291487
1 0.0824528946183616 0.22551457711465 0.10063516508343387 0.10655761646291487
1 0.06620161635137321 0.550473633537085 0.10063516508343387 0.10655761646291495
0 0.22989454489093272 0.7273216593176827 0.056072937584671044 0.05903416327441171
1 0.27312224446139144 0.7795934882413549 0.10047139077317438 0.10343261646291495
1 0.4148660091607125 0.8103411199694179 0.1006351650834338 0.10655761646291495