1 0.08560450794584644 0.4332079306199633 0.1138316897336074 0.1100113251355733
0 0.08783816999912497 0.41135111133812263 0.05522601087441492 0.05187157220870695
1 0.07727333208958452 0.7846386204133089 0.09495435574121862 0.1067772408266178
2 0.20259432566379393 0.7549061894987579 0.11539418973360735 0.11002041549465283
2 0.3195735786295434 0.7696459212501894 0.11539418973360735 0.11002041549465283
2 0.8397826023555396 0.8851457397464632 0.11839185574121877 0.10691359621281223
2 0.8084238785158128 0.6139338150784284 0.12014535672980173 0.11161018657189174
1 0.26864120653952134 0.19058058996629618 0.11539418973360735 0.11002041549465287
1 0.4575153641441756 0.14872086377400953 0.11539418973360735 0.11002041549465283
2 0.880390425930624 0.444080378211949 0.11851918973360753 0.11003859621281205
1 0.9273477030794801 0.17801047149789484 0.11839185574121842 0.10691359621281209