1 0.008378172011546205 0.872728171869699 0.01675634402309241 0.1076686562606021
1 0.09217388117011097 0.8287475041763512 0.1030915592503423 0.10974207694917482
1 0.03991664317779787 0.3686755889300743 0.07983328635559574 0.10919643992586625
1 0.32644358109096866 0.8510044169755574 0.10309155925034226 0.10974207694917482
0 0.24386676181149652 0.8726190113479273 0.05485263605166191 0.06123016587924894
1 0.3647499116532119 0.9292732607149553 0.10304609514371962 0.10817957694917482
2 0.491265913698276 0.6314037011889756 0.10630748746358769 0.11297620435383653
2 0.5810367705204781 0.4698362294119439 0.10621655925034226 0.10985120435383652
2 0.7415447100164946 0.5594468225183695 0.10630748746358769 0.11297620435383653
2 0.8044776528777232 0.8374329240623155 0.10630748746358769 0.11297620435383635
2 0.8832725911200985 0.9189706115411109 0.10598923871722903 0.10203870435383636