1 0.7887657864722227 0.6159911492282321 0.11039459897381967 0.11219201201463562
1 0.9380292897032639 0.11255597187305129 0.1103218637914587 0.10906701201463571
1 0.8109414192622918 0.19218093189055047 0.10726959897381967 0.11215564934754481
0 0.760786910047327 0.6561712538988228 0.05592399810013902 0.053761346674090583
2 0.5619682035503131 0.6756768739258672 0.107233231382639 0.1105931493475449
2 0.5398795704759035 0.9017762972629123 0.107233231382639 0.1105931493475449
1 0.5260631518792017 0.476040500596776 0.107233231382639 0.1105931493475449
2 0.5563091238594446 0.23109107992523073 0.107233231382639 0.1105931493475448
2 0.45145862290951416 0.25888081993954826 0.1103945989738195 0.11219201201463562
1 0.2967866938635765 0.12705065929345638 0.11043096656500007 0.11375451201463571
2 0.17170491983097272 0.5950386853119101 0.107233231382639 0.1105931493475449