0 0.378125 0.7131373668972675 0.059375 0.0597204336450254
2 0.625 0.660667393631847 0.109375 0.1021988251355733
2 0.5421875 0.12190435460062736 0.109375 0.10219882513557321
1 0.42109375 0.22354360177195698 0.109375 0.10219882513557321
2 0.2296875 0.2044612827847038 0.109375 0.1021988251355733
1 0.46953125 0.6042941529034251 0.109375 0.1021988251355733
1 0.29296875 0.7102981923274283 0.109375 0.1021988251355733
1 0.6546875 0.5303713604543597 0.109375 0.1021988251355733
1 0.81171875 0.1609724415418614 0.109375 0.10219882513557321
2 0.5015625 0.25604300526455726 0.109375 0.1021988251355733
2 0.50625 0.17638277634179617 0.109375 0.10219882513557325