1 0.164806890625 0.6937862781249999 0.16055685625 0.7004232640625 0.159140178125 0.7114849078125001 0.1627101875 0.7194355453125 0.169634025 0.7338006984375001 0.18545994062499999 0.7472390671875 0.202274975 0.75372655625 0.21760632968750002 0.754189946875 0.22749752656250002 0.7523363796875 0.24233432187499998 0.745848890625 0.25469831875 0.7314837375 0.2601384765625 0.71155788125 0.2581602375 0.6916320234375 0.24777448125 0.67448651875 0.2334322453125 0.663365109375 0.2131552921875 0.6564142296875 0.19881305625 0.6554874453124999 0.18464038437500002 0.66502600625 0.1756680890625 0.6738753203125001 0.16858469843749999 0.6800698406250001 0.165279115625 0.6858218953125 0.164806890625 0.6937862781249999
0 0.20390625 0.6796875 0.0484375 0.04609375
1 0.38724035625000003 0.2673772015625 0.40108803125000003 0.27849860937500004 0.42185954531250003 0.28452270625 0.44559841718750004 0.28452270625 0.4619188921875 0.2780352171875 0.476261128125 0.25764596875 0.47972304687499995 0.243280815625 0.47972304687499995 0.2275254859375 0.47774480781250006 0.2187210375 0.4723046484375 0.208063021875 0.4604352125 0.1969416125 0.44065281875 0.187673771875 0.41988130625000003 0.18674698750000002 0.3951533140625 0.19508804375 0.38476755625000003 0.206209453125 0.377349159375 0.227988878125 0.3788328390625 0.2488415203125 0.38724035625000003 0.2673772015625
2 0.54368611875 0.18983626874999998 0.5496208375 0.20003089218749998 0.556544675 0.20744516562499998 0.5787998671875 0.21902996562500002 0.595614903125 0.2204201421875 0.615397296875 0.2148594375 0.6292449718750001 0.20651838125 0.6376524890625 0.199104109375 0.6425980874999999 0.19122644375 0.6450708875 0.181958603125 0.645565446875 0.1615693546875 0.6411144078125 0.14813098593750001 0.6257830531249999 0.13330244062500002 0.6030333 0.12310781562499999 0.582756346875 0.12218103124999999 0.562973953125 0.128205128125 0.5520936359374999 0.13747296874999998 0.5431915593750001 0.15415508125 0.540718759375 0.1759345078125 0.54368611875 0.18983626874999998
2 0.23590504375000002 0.3674698796875 0.2408506421875 0.3776645046875 0.24777448125 0.3850787765625 0.2729970328125 0.3985171453125 0.29376854531249996 0.399907321875 0.3135509390625 0.3962001859375 0.327398615625 0.3887859125 0.337784371875 0.3776645046875 0.340257171875 0.35681186249999997 0.33877349218749997 0.34059314218750003 0.3333333328125 0.32808155625 0.3189910984375 0.31417979687500003 0.30365974218749997 0.307228915625 0.29179030625 0.3044485640625 0.2828882296875 0.3044485640625 0.2700296734375 0.30630213125 0.2571711171875 0.31093605156250004 0.2438180015625 0.3229842453125 0.235410484375 0.34012975 0.23590504375000002 0.3674698796875
2 0.125123640625 0.31417979687500003 0.129574678125 0.3313253015625 0.1345202765625 0.34012975 0.141938675 0.347544021875 0.162215628125 0.357738646875 0.179525221875 0.359592215625 0.2007912953125 0.35356811875 0.21117705312499999 0.346153846875 0.222551928125 0.327618165625 0.2260138484375 0.317423540625 0.22700296718750002 0.3025949953125 0.22205736874999998 0.2873030578125 0.21018793281249998 0.2738646890625 0.191394659375 0.263670065625 0.172601384375 0.26181649687499997 0.1503461921875 0.265060240625 0.13996043593750002 0.2706209453125 0.1340257171875 0.27618165 0.126112759375 0.2924003703125 0.125123640625 0.31417979687500003
2 0.31503461875 0.44346617187500004 0.327893175 0.4592215015625 0.33827893124999997 0.46570898906249997 0.350642928125 0.47034290937499995 0.3654797234375 0.47080630156250003 0.38031651875 0.467099165625 0.3921859546875 0.46663577343749996 0.3961424328125 0.46200185312500003 0.4090009890625 0.43188137187500003 0.4094955484375 0.41566264999999997 0.40702275 0.408248378125 0.3887240359375 0.38554216874999997 0.3694362015625 0.37951807187500003 0.3511374875 0.37859128750000004 0.3328387734375 0.3850787765625 0.3165182984375 0.3985171453125 0.31157270000000004 0.41658943437499996 0.312067259375 0.4314179796875 0.31503461875 0.44346617187500004
2 0.5815733953125 0.5302734375 0.579488903125 0.5283203125 0.5774044109375 0.5185546875 0.5732354265625 0.5126953125 0.559686225 0.501953125 0.5471792703125 0.49609375 0.5221653609375 0.49609375 0.50965840625 0.501953125 0.49610920468749997 0.5146484375 0.4877712359375 0.5322265625 0.4877712359375 0.5439453125 0.49610920468749997 0.5634765625 0.50965840625 0.576171875 0.5159118828125 0.580078125 0.52008086875 0.580078125 0.5284188375000001 0.583984375 0.5419680390625 0.5830078125 0.5617707171874999 0.576171875 0.5732354265625 0.5654296875 0.579488903125 0.5556640625 0.5836578875 0.5380859375 0.5815733953125 0.5361328125 0.5815733953125 0.5302734375
1 0.11605670937499998 0.6686746984374999 0.126442465625 0.6867469875000001 0.13732278281250002 0.694624653125 0.15611605625 0.701112140625 0.1734256515625 0.701112140625 0.1838114078125 0.6987951812500001 0.1907352453125 0.69508804375 0.20606660156249998 0.6797961078125 0.21348499843750002 0.665894346875 0.21447411875000003 0.6436515296875001 0.20853939999999999 0.63113994375 0.20260468125000003 0.615384615625 0.171941971875 0.607043559375 0.158094296875 0.606116775 0.1432575015625 0.60936051875 0.1343554234375 0.613531046875 0.1180349484375 0.63113994375 0.11457302968750001 0.6408711765625 0.11605670937499998 0.6686746984374999
1 0.075083940625 0.6623712109375 0.0845284625 0.6707780609375 0.0906674 0.67697258125 0.1010563734375 0.681839703125 0.12041764218749999 0.6831671015625 0.1308066140625 0.682724634375 0.1411955875 0.6778575124999999 0.1487512046875 0.6729903890625 0.1558345953125 0.6659109375 0.16055685625 0.6601588828125 0.1643346640625 0.6504246359375 0.165677546875 0.6320667281250001 0.1643346640625 0.6243191578125 0.16055685625 0.6154698421875 0.1503461921875 0.6056533828124999 0.14094955468749998 0.6005560703125 0.12660731875 0.5973123265625 0.1107814046875 0.5973123265625 0.0875370921875 0.6037998140624999 0.076162215625 0.6158480078124999 0.0712166171875 0.63113994375 0.0712166171875 0.6487488421875 0.075083940625 0.6623712109375
1 0.8629798781250001 0.4130859375 0.8567264 0.4013671875 0.8410927062500001 0.38671875 0.8327547375 0.384765625 0.8265012593750001 0.380859375 0.8077408281249999 0.380859375 0.7931493796875 0.38671875 0.7796001796875001 0.3974609375 0.771262209375 0.4130859375 0.7691777171874999 0.4287109375 0.771262209375 0.4306640625 0.771262209375 0.4365234375 0.7775156875 0.4501953125 0.7889803953125 0.4609375 0.7952338734375 0.46484375 0.7994028578125 0.46484375 0.8077408281249999 0.46875 0.8254590140625 0.4677734375 0.8327547375 0.466796875 0.8410927062500001 0.462890625 0.8588108921875 0.4462890625 0.8608953859374999 0.4365234375 0.8629798781250001 0.4345703125 0.8629798781250001 0.4130859375