1 0.9971384431327932 0.9178408486134376 0.005723113734413587 0.10235343262956001
2 0.9537586625298313 0.563938552753353 0.09248267494033727 0.10325345941492117
2 0.8368216813459689 0.48609815056260236 0.10167812406898662 0.10481595941492117
2 0.7472089478903042 0.12076743100141149 0.10167812406898662 0.10481595941492108
2 0.5867359824222075 0.27877302556424993 0.10160534946188075 0.10325345941492108
1 0.6039150978047416 0.7146559784863493 0.10160534946188075 0.10325345941492117
2 0.4391077351082946 0.7125598701270883 0.10160534946188075 0.10325345941492117
1 0.38860238937046754 0.1980337199649326 0.10160534946188075 0.10325345941492108
1 0.6342916867226525 0.4115270243464339 0.10160534946188075 0.10325345941492117
1 0.1382687888706203 0.9407125491064956 0.10167812406898662 0.10481595941492117
0 0.6042745469379002 0.3704111006453278 0.053818512820281585 0.049337526785361165