2 0.4140625 0.1867839451560987 0.1046875 0.10060905405833438
2 0.5609375 0.9632004785299777 0.103125 0.07359904294004452
1 0.66171875 0.6952560170702181 0.103125 0.10059996369925486
1 0.625 0.47082364363184703 0.1046875 0.10217155405833438
1 0.2234375 0.5278624213483853 0.1046875 0.10217155405833438
0 0.90234375 0.4247809323684792 0.0578125 0.05346134328594587
1 0.92109375 0.47957751667743465 0.103125 0.10059996369925486
2 0.81484375 0.24224062226002063 0.103125 0.10059996369925477
2 0.21640625 0.06688401473252706 0.1078125 0.10218973477649362
2 0.42734375 0.23139246320827547 0.10625 0.097493144417414
1 0.23125 0.4786891231437835 0.103125 0.10059996369925486