1 0.8969372126191002 0.7852503759690813 0.10526019262201594 0.1020932680561673
1 0.41593719749378977 0.845024746286985 0.10840337334017516 0.105327395460829
2 0.5745293848512484 0.4362796849469068 0.10527837334017516 0.1052182680561673
2 0.12251288777811462 0.5083258767716895 0.10838519262201593 0.10220239546082902
2 0.38495678298109554 0.08657732922660946 0.10838519262201593 0.10220239546082906
1 0.7099623699223295 0.3448138928441223 0.10527837334017516 0.1052182680561673
1 0.9305531676359522 0.6535812245178025 0.10527837334017534 0.10521826805616748
1 0.745576641294156 0.15368789583934722 0.10527837334017516 0.10521826805616734
0 0.7336851744716434 0.12440962360682861 0.05341589149054791 0.05185516587924912
2 0.9374277980082102 0.08916406045265193 0.09277837334017533 0.1047817584375205
2 0.8703969176359522 0.6556819270575405 0.10369769262201593 0.10203870435383636