1 0.9488892966263656 0.28579347720405146 0.09658519334818116 0.11048406134627217
2 0.8635068746419556 0.17195879121582358 0.1043976933481808 0.11057496801399935
2 0.544230710654046 0.08662346459263977 0.10752269334818117 0.11061133068109026
1 0.4663051579805918 0.13752344060313929 0.10437951201463562 0.10901246801399936
2 0.1552318453214551 0.08568186664545552 0.10439769334818116 0.11057496801399935
1 0.21422120591982186 0.5880523413033195 0.10752269334818117 0.11061133068109026
2 0.3414905885582777 0.7943557906190477 0.10754087468172653 0.11217383068109026
2 0.4089786279042317 0.7006143339433663 0.10437951201463562 0.10901246801399936
1 0.8278286252387316 0.687147986553187 0.10752269334818117 0.11061133068109026
0 0.7968877079090042 0.660949113224096 0.05377952800763595 0.056868165340545215
1 0.5859609406031392 0.4610871152530492 0.10437951201463562 0.10901246801399936