1 0.8620739540930146 0.05353757548976262 0.11666960085908258 0.10707515097952525
1 0.5765934774987628 0.04078509253424356 0.1156869549975255 0.08157018506848712
2 0.27537953753924255 0.1367288380700167 0.11963082654882315 0.1082409683433748
2 0.5273824508136541 0.18550370860743745 0.11666960085908258 0.11131142126547414
0 0.6402376549066686 0.2500008108809137 0.0624048247398008 0.05884889448011297
2 0.7276801011977669 0.3219791765470705 0.11650582654882306 0.10818642126547413
1 0.811747484734852 0.2251120848269011 0.11666960085908258 0.11131142126547414
1 0.8175957722740946 0.3665456083658515 0.11650582654882306 0.10818642126547413
2 0.5544594436891066 0.6424804115295368 0.11963082654882307 0.10824096834337489
2 0.3855876922187685 0.8221520949698755 0.11666960085908258 0.1113114212654743
1 0.8501415151495471 0.8234268539016245 0.11666960085908258 0.1113114212654743