1 0.6874014259445813 0.8508607293141154 0.09432269262201594 0.10225751977166339
1 0.9368423688611849 0.9522568029077902 0.09121587334017534 0.09548639418441951
1 0.8313377783057134 0.8246868429639995 0.09434996369925486 0.1069450197716634
1 0.9249762323406067 0.31041077874327416 0.09434996369925486 0.10694501977166349
1 0.6624064920049682 0.714653973876908 0.09434996369925486 0.1069450197716634
0 0.6791667451282262 0.7887918108350462 0.05184430113146821 0.05053851087441501
2 0.4484343747149172 0.8247134288963736 0.09433178298109546 0.1038200197716634
2 0.33259120609700643 0.8575020711779885 0.09434087334017516 0.1053825197716634
2 0.306273624911309 0.9479420694293775 0.09746587334017516 0.1041158611412449
2 0.17415147132051279 0.9588842045623551 0.09420451795398091 0.0819450197716634
2 0.10078266989445706 0.8097662722431215 0.09746587334017516 0.10550985376405216