2 0.043929666668169734 0.6799859303420672 0.08785933333633947 0.09957818874502422
1 0.5915367208447802 0.2565748770329379 0.1091267510334573 0.09957818874502422
2 0.6755906972711316 0.1660718938388519 0.1091267510334573 0.09957818874502422
1 0.18120715053811928 0.10913887254713259 0.1091267510334573 0.09957818874502422
2 0.17768404425181297 0.08394787155854941 0.1091267510334573 0.09957818874502422
2 0.5917014249403374 0.521927963002493 0.1091267510334573 0.09957818874502422
1 0.2935721399941493 0.5199556502274615 0.1091267510334573 0.09957818874502422
1 0.48988648366506177 0.20390352178601087 0.1091267510334573 0.09957818874502422
1 0.4233518010762385 0.22076075794584646 0.11083480024766904 0.1027668557412186
0 0.36168655500517993 0.23390274509426517 0.057234611248705033 0.05691584486680377
2 0.6604364623677248 0.4746338103407547 0.1091267510334573 0.09957818874502422