1 0.026075935879266026 0.8269619419955457 0.05215187175853205 0.11170111600890849
1 0.25549723986032086 0.9351176979630926 0.10912162986961631 0.07625451201463562
2 0.5833495044708175 0.9469246179185493 0.11723413879807013 0.09353291868236298
2 0.36608195820369566 0.8197915952816842 0.11756142126547413 0.11228291868236298
0 0.2866047382354678 0.7191745246260474 0.061973894480112965 0.06008407200827239
2 0.23289513149776467 0.6190387119669106 0.11597164772652384 0.11070223734881743
1 0.1130951002481766 0.6805767433163645 0.11756142126547413 0.11228291868236298
1 0.16622187459790583 0.5456108499761374 0.11597164772652384 0.11070223734881743
2 0.5300094594182163 0.37812971192713973 0.11753414772652385 0.11072041868236289
2 0.7654714468363146 0.2683803525620957 0.11756142126547413 0.11228291868236288
1 0.32548914935137685 0.10244101062222932 0.11756142126547413 0.11228291868236288