1 0.8906050678423959 0.0787536838797328 0.09890889077317411 0.09952838001272668
0 0.8479572224103802 0.115209351885778 0.05138543758467122 0.05681362133990877
1 0.879889890884716 0.7394371925525507 0.09899077792830405 0.10109088001272681
1 0.7018501000661131 0.7282195239099587 0.09915455223856355 0.10421588001272664
2 0.5353254206220425 0.8919745832670485 0.10211577792830404 0.10112724267981754
1 0.17980028041469495 0.5967102733131828 0.1022795522385636 0.10425224267981754
2 0.4103122167561706 0.4009415979471843 0.10211577792830404 0.10112724267981754
2 0.6309179658516595 0.3741410985837311 0.09890889077317447 0.09952838001272672
1 0.7628086957252714 0.2655098912317319 0.10211577792830404 0.10112724267981754
2 0.7464256999091429 0.16173091056655006 0.09899077792830405 0.10109088001272667
2 0.5755510351643933 0.28723199192395804 0.09899077792830405 0.10109088001272663