2 0.08872966013189972 0.3268357673456358 0.10054542154477705 0.09491360534690844
2 0.524607031036188 0.6108327907383604 0.0989738311856975 0.09333292401336309
1 0.3462810013747421 0.9119033000477252 0.0989738311856975 0.09333292401336309
1 0.5127695854873058 0.7653930214035422 0.0989738311856975 0.09333292401336309
2 0.6316377601553408 0.746462302752996 0.0989738311856975 0.09333292401336309
2 0.7990610886105637 0.8421667961091313 0.0989738311856975 0.09333292401336309
2 0.9281638230924697 0.5413048247930851 0.0989738311856975 0.09333292401336309
1 0.8475865096643614 0.4247343954487219 0.09898292154477702 0.09489542401336308
1 0.586735888956465 0.27247027207985997 0.0989738311856975 0.09333292401336299
1 0.23241706938003662 0.07067776869827128 0.0989738311856975 0.09333292401336304
0 0.5675348744203297 0.61836402741086 0.051853391490547726 0.05059998400699968