1 0.6633575255350431 0.5264752105745043 0.11233016693047411 0.10283519334818117
1 0.7628236988002305 0.9462689952260049 0.11196645407749273 0.09033519334818116
1 0.25759429269030887 0.8365620192950471 0.11233016693047429 0.10283519334818117
2 0.9588926490502926 0.3543434825350515 0.06384720282385174 0.10070907200827231
2 0.7877244103995708 0.9225496845560507 0.11393813103709682 0.10441587468172671
2 0.4020372437983008 0.40846319661045716 0.11242109514371953 0.10596019334818116
2 0.3365055205204781 0.48654329061904766 0.11233016693047429 0.10283519334818117
2 0.21289555812971508 0.8159955279678652 0.11233016693047429 0.10283519334818117
1 0.5043616441022347 0.7837075499284124 0.11233016693047429 0.10283519334818117
1 0.4543616441022347 0.7842893526018665 0.11233016693047429 0.10283519334818117
0 0.4804300506078677 0.7472797012651394 0.05462531551854859 0.05218066534054522