2 0.7886416598598956 0.16617143424782238 0.11497299620027786 0.10821369480442447
1 0.6678375441685762 0.21877250851812136 0.1102127610179167 0.10500687418757346
1 0.41990919044510405 0.19256101582501733 0.11341049620027785 0.10818642126547413
2 0.9457787465815276 0.3322618587597074 0.09622299620027804 0.10788641233702041
1 0.9344723449866663 0.6165550381428563 0.09923889342673604 0.10325345941492117
2 0.7062713437523952 0.7837350353034825 0.11497299620027786 0.10821369480442442
2 0.6311602813477075 0.8879355657422916 0.11341049620027785 0.10818642126547431
1 0.3159944487101384 0.6276433534879968 0.11177526101791671 0.10503414772652384
1 0.22921722806107572 0.8301177426931041 0.11184799620027785 0.10815914772652384
0 0.18946374382864511 0.8591234042193456 0.060684233282500076 0.05728639448011279
2 0.04463382066972195 0.7165386635548364 0.0892676413394439 0.1080773271096728