2 0.38561254075202206 0.42971148794559344 0.10203870435383652 0.10427042401336309
1 0.5317558760538994 0.560769489258458 0.10047620435383635 0.10425224267981754
1 0.3612598044622021 0.8587268259468661 0.10047620435383645 0.10425224267981789
2 0.49562736997863155 0.8126501625955033 0.1020932680561673 0.10583292401336308
2 0.06187736335520959 0.8668960513208187 0.10053076805616734 0.10581474267981754
1 0.8114409199707824 0.3786815058880052 0.10047620435383635 0.10425224267981754
1 0.7686953369463397 0.7305985418921412 0.10047620435383635 0.10425224267981754
1 0.30827625835270245 0.22913077995704745 0.10047620435383653 0.10425224267981754
0 0.742435459626496 0.40915989389723195 0.0567063569862416 0.05844884667409058
2 0.3872643539061988 0.22586887261300248 0.0974057680561673 0.10577838001272663
2 0.737633820704271 0.7926536465627321 0.10042164065150558 0.10268974267981754