2 0.524911081984232 0.5639616126984819 0.10349892126547414 0.11507585475263546
1 0.4367666051194405 0.8660560119001792 0.10344437418757338 0.11195085475263547
1 0.19649180154542284 0.4778716265014653 0.10344437418757346 0.11195085475263547
2 0.14808375487455924 0.6533690336118279 0.10344437418757346 0.11195085475263547
1 0.6052487873386679 0.1716414615196183 0.10344437418757338 0.11195085475263547
2 0.24652262378383166 0.20940546939110263 0.10344437418757346 0.11195085475263547
2 0.30237142897940716 0.3242611482502952 0.10344437418757346 0.11195085475263547
2 0.3832571903434929 0.3932286655505006 0.10341710064862308 0.11038835475263546
1 0.5795044935071783 0.12368412258431363 0.10188187418757337 0.11188718775644109
1 0.66318797240386 0.21152897387690794 0.10344437418757338 0.11195085475263547
0 0.633514109173335 0.20953805094921454 0.04777502678536116 0.0534725098858317