1 0.8252993263693051 0.4565313235379033 0.11177526101791671 0.10758168973360753
1 0.20455172169590238 0.43343328802327113 0.11170252583555565 0.10445668973360753
2 0.4070896145539577 0.7186519105332227 0.11177526101791671 0.10758168973360735
1 0.03437304036885408 0.2516288255894318 0.06874608073770816 0.1061173488211364
2 0.484502180474027 0.9137468932330173 0.11177526101791671 0.10758168973360753
2 0.04597000304041642 0.6305204881370019 0.09194000608083285 0.10713602076024671
2 0.5142501107542355 0.6081362217881985 0.11177526101791671 0.10758168973360735
1 0.6428069493757285 0.819098943613578 0.11177526101791671 0.10758168973360753
1 0.2866570132990275 0.35984193771926004 0.10861389342673622 0.1058918557412186
0 0.20564209622093715 0.42012020452517396 0.05268989532659729 0.05053851087441501
2 0.22035725323104124 0.49210795106513283 0.11177526101791671 0.10758168973360753