1 0.20127904730268323 0.23408979300336807 0.10279883068109026 0.11038835475263546
2 0.5491716546387739 0.2279431996566202 0.10279883068109026 0.11038835475263546
2 0.6435852733131828 0.1747319694282837 0.10592383068109026 0.11051568874502422
1 0.44526376261141165 0.4253673449039847 0.10592383068109026 0.11051568874502422
0 0.08389845393063955 0.5145983522811776 0.058503390674726895 0.06173067885919252
1 0.04731770595959277 0.6528504273763177 0.09463541191918554 0.11507585475263546
2 0.04527340062063848 0.7324742603801233 0.09054680124127697 0.1086985207602467
2 0.7267281072167782 0.8886127387056556 0.10594201201463563 0.11207818874502422
1 0.8408938886060028 0.48135067843926305 0.10592383068109008 0.11051568874502422
1 0.5416365865690954 0.7411607826604258 0.10592383068109026 0.11051568874502422
2 0.508959899228232 0.7953243592384409 0.10592383068109026 0.11051568874502422