1 0.717502469329961 0.09723420953423671 0.10963294954451311 0.09934799620027786
1 0.8538293166127378 0.3803220793096188 0.10650794954451329 0.0992752610179168
1 0.6086061297669144 0.17054246333395884 0.1065079495445131 0.09927526101791675
0 0.561356618334169 0.2249565531897227 0.059613102176918176 0.052908100873680655
2 0.2757935966498046 0.4090899381639933 0.10505457694917482 0.10236389342673621
2 0.4283803941100667 0.47284657969086846 0.1065079495445131 0.0992752610179167
2 0.5801611489193901 0.47012423603538245 0.10974207694917482 0.10247299620027786
1 0.6719319866683381 0.43942105632385475 0.10963294954451311 0.09934799620027786
2 0.6700024097191634 0.5394574239150354 0.10974207694917482 0.10247299620027786
1 0.675200797290626 0.7264489308488895 0.10963294954451311 0.09934799620027786
2 0.3114309300527653 0.9111076862641323 0.10661707694917481 0.1024002610179167