2 0.13130123407934652 0.3275341869320494 0.10480312406898662 0.1077825748547749
1 0.26324474689962807 0.2730563945422632 0.10167812406898662 0.10763702564056317
1 0.45680419417075974 0.40202249483271346 0.10167812406898662 0.10763702564056317
2 0.6449955529382654 0.3784457919800106 0.10494867328319835 0.1109075748547749
1 0.5754943438803094 0.19692827233530347 0.10167812406898662 0.10763702564056317
2 0.5937799251452252 0.07212732547845661 0.10167812406898662 0.10763702564056317
2 0.8681955742356025 0.10533997002071986 0.10494867328319799 0.1109075748547749
2 0.6315108258927413 0.7181803800693518 0.10182367328319834 0.11076202564056317
1 0.6269431422704608 0.8329877427657989 0.10494867328319835 0.1109075748547749
0 0.24670994851398592 0.5778530564529221 0.050766287427387445 0.05225601282028158
1 0.1927287698541041 0.6154472557909683 0.10167812406898658 0.10763702564056317