1 0.7499338715366926 0.5751122627303465 0.10139266693047429 0.10385365824437506
1 0.8871386356559505 0.07225740682267287 0.10134720282385175 0.1022911582443751
1 0.7636125559516371 0.15866964513916604 0.09992109514371954 0.1069422906531945
0 0.7229478227111915 0.6171185779848257 0.05306281551854859 0.05276263050895835
2 0.5283112726320491 0.6520969092912148 0.09983016693047428 0.10381729065319459
2 0.510895137438317 0.8750077324294786 0.09983016693047428 0.10381729065319475
1 0.4894175718532616 0.4593833856398607 0.09983016693047428 0.10381729065319441
2 0.5159730263264659 0.21752254075010374 0.09983016693047428 0.10381729065319459
2 0.4142142980340783 0.25346200038124966 0.10139266693047429 0.10385365824437506
1 0.2599025342440247 0.1368226270904859 0.10148359514371971 0.10697865824437507
2 0.14481446252377703 0.6040302705172221 0.09987563103709696 0.1053797906531944