1 0.7407119842313894 0.6281513100701348 0.10134720282385157 0.10171823295387128
2 0.9505593795207584 0.9571318778476119 0.04368781551854824 0.05229888555165942
2 0.824465892452882 0.9163859212720646 0.0982676669304741 0.1032261858759707
0 0.6794622471635131 0.5862735016281484 0.05163670783841656 0.057122753246410876
1 0.5013589453685112 0.29343893953271405 0.09826766693047428 0.1032261858759707
2 0.3868681995251463 0.1759668417234647 0.09983016693047428 0.10325345941492108
1 0.05609792115361638 0.24577042167251123 0.09987563103709696 0.10481595941492108
2 0.21688202764661407 0.7044481720795484 0.099875631037097 0.10481595941492117
1 0.3823191595416409 0.761686153411862 0.09983016693047428 0.10325345941492117
2 0.2296702180005604 0.9626873660731938 0.0972219924781526 0.06728868587597106
1 0.7459988778048987 0.6343058526838086 0.10451766693047429 0.10333528003177221