2 0.35922899932263147 0.4611387061225569 0.09882700361804471 0.09960284639736088
1 0.519166164067381 0.5894181334778723 0.09570200361804453 0.09951191818411545
1 0.36586526515360634 0.9018462741483878 0.09578389077317429 0.10107441818411544
2 0.5001041463158422 0.848634009104693 0.09899077792830405 0.10272784639736088
2 0.0587178284734464 0.9249892913036536 0.09586577792830413 0.10263691818411544
1 0.7941196556996382 0.38928906749710557 0.09570200361804453 0.09951191818411545
1 0.7751218357095356 0.7517890674971055 0.0957020036180447 0.09951191818411562
1 0.26572241802410995 0.2596778430321486 0.09570200361804462 0.09951191818411545
0 0.725789057554089 0.42407559296564157 0.05278416327441171 0.054579851411925694
2 0.34664154737732356 0.2534254945232167 0.09274077792830412 0.1025459899708702
2 0.7474638251940859 0.8167093738444541 0.09562011646291495 0.09794941818411544