1 0.8073185322759027 0.747649305188985 0.09957433674699842 0.10163641233702041
2 0.4504168139165211 0.8063292353862082 0.09957433674699842 0.10163641233702023
2 0.3580858297721238 0.874319530435514 0.10269933674699834 0.10169095941492116
1 0.5421548058122518 0.5873940491032004 0.10269933674699842 0.10169095941492116
0 0.9064055635635853 0.4428175292144026 0.05474768415851443 0.05558752678536116
1 0.9362813213149186 0.29240447199023223 0.101409852532014 0.1063511858759707
2 0.935408337029347 0.213402764603906 0.0993923262236546 0.0985114123370204
2 0.21539123961783063 0.15547625283937377 0.10279034200867017 0.10325345941492108
1 0.12989002424222068 0.5895824715897857 0.10269933674699834 0.10169095941492116
1 0.4178043370999342 0.27866215705871933 0.10269933674699842 0.10169095941492108
2 0.44708928967430045 0.21895592045139994 0.10269933674699842 0.10169095941492108