2 0.8810824046263827 0.01594375372405365 0.11216480925276535 0.0318875074481073
1 0.8684491801906326 0.5694217406988843 0.11909664772652384 0.11483309553293922
0 0.842346376212873 0.6417890463232367 0.061946620941162676 0.06065070967712849
2 0.5196373534847016 0.7881761646012551 0.11915119480442442 0.1179580955329392
1 0.20604423213650191 0.9192828852366383 0.11909664772652384 0.11483309553293922
2 0.41119005924947 0.5328594259737945 0.11909664772652384 0.11483309553293922
2 0.4982928185849609 0.37164363606520784 0.11915119480442442 0.1179580955329393
1 0.40900858157389963 0.09432346484892415 0.11599892126547413 0.1162500463187276
1 0.5824636724832901 0.05071907196154535 0.11915119480442442 0.1014381439230907
2 0.09213077313191324 0.17163309739496616 0.11915119480442446 0.1179580955329393
1 0.6077812723211343 0.0301604191493691 0.1155625446422686 0.0603208382987382