1 0.9632118414788273 0.5920456576262602 0.07357631704234535 0.10379024122451135
1 0.8694833365484506 0.5541160971222767 0.09592155405833439 0.1074608105039836
2 0.929574391392352 0.14187216138718392 0.09902837334017534 0.10442673871722893
1 0.6193964572563471 0.397645822115959 0.09590337334017515 0.10433581050398359
1 0.5339397045258726 0.20925326035833428 0.09590337334017515 0.10433581050398351
1 0.5087993248409857 0.31865935259906003 0.09902837334017515 0.10442673871722893
2 0.544873701108027 0.4774947949980703 0.09279655405833438 0.10736988229073816
0 0.5562833788993201 0.4247107757977404 0.04873748184962743 0.05297188730530315
2 0.44970262255460824 0.6332925024407755 0.09590337334017515 0.10433581050398359
2 0.3896003938282388 0.5065648663891136 0.09904655405833437 0.10755173871722903
2 0.6614542305730812 0.9136261747815262 0.09590337334017515 0.10433581050398359