1 0.07734375 0.07007480423656244 0.1046875 0.10087412860909731
1 0.65078125 0.14891539827329808 0.103125 0.10083776101791675
1 0.6078125 0.3006967570307634 0.103125 0.10083776101791671
1 0.30078125 0.18128048869774283 0.0984375 0.10072865824437507
0 0.33046875 0.23918325446531224 0.0578125 0.05447060087368065
2 0.19765625 0.31024324971565953 0.103125 0.10083776101791671
2 0.31015625 0.35606228315065946 0.1046875 0.10087412860909736
2 0.3109375 0.5068253493550692 0.1046875 0.10087412860909736
2 0.49375 0.653351591186944 0.1046875 0.10087412860909736
1 0.53359375 0.8297679676118399 0.103125 0.10083776101791671
2 0.93046875 0.6416243494519784 0.1046875 0.10087412860909736