1 0.7565728302359676 0.915625 0.10280397642635145 0.09375
2 0.11496752709281441 0.903125 0.1060017510334573 0.0953125
1 0.34507455811006105 0.87734375 0.10592897642635143 0.09375
1 0.3955947506236817 0.6984375 0.10280397642635145 0.09375
2 0.5245974698113229 0.32734375 0.10287675103345731 0.0953125
2 0.33434711311073184 0.1515625 0.1060017510334573 0.0953125
1 0.26367720223353036 0.05859375 0.1060017510334573 0.0953125
2 0.762906490903772 0.4609375 0.1060017510334573 0.0953125
0 0.7843705760976292 0.35234375 0.058724336641599 0.053125
1 0.8981055903656529 0.359375 0.10287675103345748 0.0953125
2 0.8844196561241997 0.7203125 0.10600175103345748 0.0953125