2 0.19148682370694478 0.4051909731672246 0.10403549620027785 0.10684087334017515
2 0.9706989321800696 0.5490742032683361 0.05860213563986072 0.10353406615858277
1 0.7097874545002436 0.6514280853891099 0.10403549620027785 0.10684087334017515
1 0.4823703161075005 0.6160274374556545 0.10403549620027785 0.10684087334017515
1 0.533870426196146 0.2102041634515494 0.10403549620027785 0.10684087334017515
0 0.4412238649288202 0.8959921934075827 0.05447060087368065 0.05812157220870695
1 0.49712902602298686 0.9144194856602563 0.10403549620027785 0.10684087334017534
2 0.2547940960271188 0.8087836057789778 0.10403549620027785 0.10684087334017497
2 0.0665192720358335 0.2058909308163551 0.10407186379145843 0.10840337334017516
2 0.23709026443638925 0.41742735275391557 0.10091049620027785 0.10682269262201594
1 0.4832710141520488 0.21831210012163696 0.10399912860909737 0.10527837334017516