2 0.8387308219592906 0.16749636420366662 0.10814644789030439 0.1132170522385636
1 0.7901371182780184 0.28438397105564306 0.10487589867609266 0.10992827792830413
1 0.8231830204687676 0.5230813008838264 0.1080008986760923 0.11009205223856355
2 0.6718236501238345 0.03300509328430913 0.10614730024766902 0.06601018656861826
1 0.39867724855225795 0.04405599756937998 0.10473034946188076 0.08811199513875996
2 0.24409471815418385 0.2636619510407967 0.10814644789030411 0.11321705223856356
2 0.14580707547394742 0.3392971161242306 0.10800089867609244 0.11009205223856364
1 0.40552894768090714 0.6358158327688596 0.10487589867609248 0.10992827792830404
1 0.21311031533975297 0.7249989207376434 0.10800089867609249 0.11009205223856355
0 0.18598704321384646 0.7647950831075438 0.055744885855810854 0.059034163274411536
2 0.32753034201377346 0.9116590377663851 0.10800089867609249 0.11009205223856355