2 0.5954297756544251 0.9361219589366172 0.10202610831306061 0.08382585475263546
1 0.22710896330647135 0.3533319525480076 0.10534200585373252 0.11676568874502422
2 0.14609024658215444 0.2620795528520188 0.10534200585373248 0.11676568874502422
1 0.04350314041039326 0.7616895750951402 0.07877041549465286 0.11412084980971962
2 0.031007685589933064 0.7629801610646954 0.05376132513557323 0.11153967787060921
2 0.49760327048806363 0.3735675622063779 0.10534200585373252 0.11676568874502422
1 0.4626389597904299 0.6766262366169461 0.10534200585373252 0.11676568874502422
1 0.16283790592848724 0.4544116328900749 0.10534200585373243 0.11676568874502422
1 0.1733941317279904 0.5227477974148114 0.10691359621281209 0.11839185574121877
0 0.17923558645025475 0.5865874629281309 0.05814884328594587 0.060168178859192525
2 0.45731863807270223 0.29940982060933485 0.10534200585373252 0.11676568874502422