1 0.056386442372936926 0.25221962551672866 0.09913195916315991 0.1138142510334573
2 0.15559287884024212 0.9042230812649157 0.11012402286549076 0.11588617328319835
1 0.14821685534177914 0.6706657185684686 0.10856152286549077 0.11581339867609249
1 0.32340533909971036 0.6172068864749833 0.10850695916315996 0.11425089867609248
2 0.6805853781224519 0.48174684532354234 0.11006945916315977 0.11432367328319834
2 0.8861335175928311 0.6722756077295392 0.1101240228654909 0.11588617328319835
1 0.9674628408289909 0.7421943095487847 0.06507431834201824 0.11501287799792799
2 0.5122991364751543 0.24147494809519196 0.1101240228654909 0.11588617328319835
0 0.6183209579820336 0.21755375868194315 0.05994048439090331 0.06363016046291677
1 0.5956150895630465 0.10339921339667288 0.11006945916315995 0.1143236732831983
2 0.23121777286549078 0.12152620533390227 0.11012402286549072 0.11588617328319831