2 0.056692898521567205 0.415634966078802 0.09210859514371963 0.10935506784239593
2 0.1501774402209323 0.6705061725466657 0.10460859514371963 0.1100101650834338
2 0.44043271568946835 0.5887870245374021 0.10148359514371955 0.10984639077317446
1 0.3583235946815012 0.40217449513875997 0.101438131037097 0.10828389077317428
2 0.18991692399010324 0.34214547716007854 0.10460859514371963 0.11001016508343389
2 0.6165525979802065 0.6718850503179997 0.10469952335696497 0.11313516508343398
0 0.8030617816702353 0.30531726877165094 0.05319920783841638 0.05895227611928178
1 0.3069212529029938 0.11458264190482814 0.101438131037097 0.10828389077317438
1 0.7513257854311589 0.27516610131336783 0.101438131037097 0.10828389077317438
1 0.33597826708875883 0.1451399231124926 0.101438131037097 0.10828389077317438
1 0.5075329506457735 0.7167205947546471 0.11269387978345566 0.11979460085908258