1 0.5038613440085905 0.08378202277459405 0.09171588001272664 0.09744268577927473
0 0.48198634400859053 0.08289068482787257 0.04429544000636341 0.04865767589344296
1 0.8487289486791812 0.12672684543545737 0.090171561346272 0.0989415187830803
2 0.7970766366963623 0.2511246675648481 0.091734061346272 0.09900518577927464
2 0.7929351240451797 0.36496433307816767 0.091734061346272 0.09900518577927464
2 0.8192565547819493 0.8821982540286948 0.09018974267981754 0.10050401878308043
2 0.5606804387730405 0.8060681996566202 0.09487724267981754 0.1006950197716634
1 0.23758345802831687 0.2181756329272559 0.09173406134627209 0.09900518577927472
1 0.1661913580521794 0.39096453410611953 0.09173406134627213 0.09900518577927472
2 0.383882128779404 0.8457169955885568 0.09175224267981755 0.10056768577927463
1 0.11681280744744929 0.8449861892393159 0.09018974267981758 0.10050401878308009