1 0.9081067804388091 0.08852944966909786 0.0971398271096728 0.10635118587597074
1 0.7900056168839727 0.13882768424782238 0.1002648271096728 0.10640573295387142
1 0.9134826582831259 0.5864311615196509 0.10023755357072232 0.10484323295387128
1 0.5564391404229231 0.13318779017474652 0.1002648271096728 0.10640573295387142
0 0.6350550641240293 0.10642646712226353 0.05416139448011279 0.06030230032431154
1 0.5077209967535892 0.05887753692833566 0.10018300649282175 0.10171823295387142
2 0.4227560669666984 0.35983033644186835 0.10185460064862309 0.10799550649282175
2 0.3558025718379623 0.5243371213449044 0.1018273271096728 0.10643300649282175
2 0.18522306493810345 0.447118282060367 0.10185460064862313 0.10799550649282175
2 0.08673456655966125 0.17969322848964456 0.1018546006486231 0.10799550649282175
2 0.02382328368522007 0.09807898985373027 0.04764656737044014 0.10553297970746053