1 0.04296875 0.6173758423953457 0.0859375 0.1160016847906915
1 0.30703125 0.06094806475219792 0.1140625 0.10152269072219058
2 0.11015625 0.0490197732317046 0.0890625 0.09269151878308031
1 0.496875 0.1577461047898165 0.115625 0.11721135771838495
1 0.52421875 0.25339152722321834 0.1140625 0.11089769072219058
2 0.809375 0.1986045040286948 0.11875 0.11890119171077376
2 0.38984375 0.42916616555050063 0.1171875 0.11571252471457924
2 0.46953125 0.6777256823564146 0.1140625 0.11402269072219048
2 0.4703125 0.9215075158545118 0.1171875 0.11571252471457924
1 0.7 0.958021359466996 0.1140625 0.083957281066008
0 0.0484375 0.655098676882026 0.0578125 0.05704317885919252