1 0.9461279437856657 0.8890799244901032 0.057642666930474463 0.10283536569131968
0 0.9142618298373275 0.8304868277004853 0.054716243731793665 0.05592399810013902
1 0.936614483769171 0.30376067354017283 0.10143813103709683 0.10541615824437507
1 0.7479488565595048 0.9116491747744437 0.09973923871722903 0.10069229065319477
1 0.6777931324237522 0.8274027677643396 0.099875631037097 0.10537979065319476
2 0.5198228227111915 0.6218463648382981 0.10148359514371955 0.10697865824437507
2 0.42351142702611116 0.44374150826503433 0.096750631037097 0.10530705547083344
2 0.2470134600164946 0.5797913770904859 0.099875631037097 0.1053797906531944
2 0.12598894002474187 0.8753785936554859 0.10125627461060623 0.09916615824437507
2 0.11117027058698511 0.9553570343849305 0.09928459765100213 0.08506729065319477
1 0.5355026808535419 0.9415769833794092 0.10107441818411544 0.09291615824437507