1 0.15523642496262263 0.1651182238328151 0.1021897347764936 0.11372784200867017
1 0.17665079918656057 0.6457388922769014 0.10689541549465287 0.11712585779368574
2 0.5552490187395478 0.4081361215831499 0.10531473477649378 0.11390985253201383
2 0.5588491790678393 0.8632408505364625 0.10377041549465282 0.1169438472703419
2 0.9325786123200812 0.5228315982585624 0.10377041549465282 0.1169438472703419
1 0.6225097624930319 0.2573933979620963 0.1053147347764936 0.11390985253201383
1 0.2805409519917898 0.10549405289906717 0.1053147347764936 0.11390985253201387
1 0.8056858768562165 0.18424578234648997 0.10531473477649342 0.11390985253201387
0 0.8361137202403583 0.1895024297438889 0.05187157220870695 0.056128173635171044
2 0.8380494458434697 0.01695592668952996 0.1051511083130606 0.03391185337905992
2 0.2880080183467643 0.16441402659070792 0.10218064441741408 0.11216534200867016