2 0.4714286329317753 0.46233110872849714 0.10209326805616747 0.10583292401336308
1 0.5524677794889128 0.16651971674090568 0.10209326805616747 0.105832924013363
1 0.7961955091553107 0.5488889634388588 0.1020932680561673 0.10583292401336308
2 0.8409747518989164 0.37760485677908573 0.10209326805616711 0.10583292401336308
1 0.39899564925866216 0.8480498853834977 0.1020932680561673 0.10583292401336308
2 0.7515378067003907 0.8131054574315411 0.1020932680561673 0.10583292401336308
2 0.6944569382814036 0.6992060420909958 0.1020932680561673 0.10583292401336308
2 0.6132044490811769 0.631100384746951 0.10198414065150559 0.10270792401336308
1 0.42485131032858786 0.8952066960534519 0.09896826805616729 0.105796561346272
1 0.34057302484922536 0.8075425167090889 0.1020932680561673 0.10583292401336308
0 0.3703423704027216 0.8102317120464523 0.04862103847458741 0.05054544000636341