1 0 0.7805262671875 0.011334865625 0.78061274375 0.028147310937499996 0.7740030921875001 0.041776757812499996 0.758278090625 0.0491311859375 0.7424467515625001 0.051380990625 0.7286957703125 0.05043674687500001 0.7172151109375 0.042834720312500005 0.6973087671875 0.031316656250000005 0.6852943453125 0.020031890625 0.678996509375 0 0.6760951046875 0 0.7805262671875
1 0.2386194625 0.4396972328125 0.25092515312499997 0.445578996875 0.27979894375000003 0.4505202078125 0.29109475625000003 0.44543236875 0.31426995 0.41564664999999995 0.3169317625 0.4024542125 0.3147151 0.38204816875000003 0.3108867921875 0.366657684375 0.30332115625 0.35400108750000003 0.2891705234375 0.3474183 0.262900059375 0.3448062609375 0.24559177031249999 0.3477435453125 0.233358865625 0.356361271875 0.2212643796875 0.37896744375 0.21860256875 0.3921598796875 0.219481175 0.40415159218749996 0.2252382578125 0.42335691718749996 0.2386194625 0.4396972328125
2 0.20176246718750002 0.8805888749999999 0.1914965265625 0.897020315625 0.1887300921875 0.91856046875 0.1928331859375 0.9342390843749999 0.20210759375 0.9493411187499999 0.2075939 0.9542496578125 0.2173832484375 0.9574045234374999 0.21911980312499998 0.9597587078125001 0.239251784375 0.96176040625 0.25646394375 0.9547457046875 0.2690580734375 0.9439995546875 0.2787323796875 0.9242370046874999 0.28153716093750003 0.910335990625 0.27771071406250003 0.8925033578124999 0.2629499984375 0.8724927859375 0.247674340625 0.8644293812500001 0.235595153125 0.8632283624999999 0.214356596875 0.8698427234375 0.20176246718750002 0.8805888749999999
2 0.6439546984375 0.5291693875 0.6497644171875 0.5090438140625 0.646021240625 0.4879684078125 0.6280799906250001 0.46444614531250006 0.6136668140625 0.459907575 0.5890443875 0.4595297203125 0.5721006703125 0.4671614796875 0.5613188953125 0.47954655625 0.5542634015625 0.5005834250000001 0.5538767375 0.5186603015625 0.5607385765624999 0.5405633734374999 0.5741197812500001 0.5569036875 0.588270415625 0.5634864765625001 0.610158246875 0.562557271875 0.6245326453125 0.5548425765625 0.635835821875 0.5421642875 0.6439546984375 0.5291693875
0 0.6157192796875 0.49289175625 0.6322691859375 0.48832632656249997 0.6366154296875 0.484617821875 0.63992255 0.47770051718750006 0.6417603453125 0.46339098749999996 0.6394013625 0.455392728125 0.6099297015625 0.44004046093750004 0.6039354234375 0.44151477968749997 0.5960013203125001 0.4505599328125 0.5910533124999999 0.4702536046875 0.5927195453125 0.4761126640625 0.60041645 0.48774715156250004 0.6109428328125001 0.49241684062499996 0.6157192796875 0.49289175625
1 0.842808321875 0.7787469703125 0.8534841734375 0.7860194265625 0.8711095890625 0.79191254375 0.8842029078125 0.7916616546874999 0.9020544749999999 0.7882608078125 0.915111396875 0.7807601734375 0.9211349203125 0.7715250515625 0.9300171640625001 0.7475643296875 0.930188725 0.72739574375 0.9249749218750001 0.70772685625 0.91584508125 0.69594989375 0.8963565234375 0.68573088125 0.8791613093749999 0.68402118125 0.8532736125 0.6897284875 0.839017053125 0.7028032343749999 0.8301166140625 0.72313908125 0.8281293515625 0.7348458453125 0.8286141484374999 0.7499038859375 0.8382105859375001 0.7731140171875001 0.842808321875 0.7787469703125
2 0.841934228125 0.29213425000000004 0.854425778125 0.30786852656249997 0.8720693921875 0.31738652031250003 0.8879629421875 0.3179316359375 0.9097487421875 0.3102637390625 0.9240891343750001 0.3003028125 0.9351808890625 0.2817375859375 0.9383677875 0.2644567140625 0.9368802640625 0.25343961875 0.931899759375 0.2394873140625 0.918303453125 0.2210552890625 0.9020271359375001 0.21219082656250002 0.8790345515625001 0.21042228281250003 0.8609860749999999 0.215356290625 0.8524248609375 0.2217511921875 0.845511684375 0.2303802734375 0.8392912562499999 0.24114855624999998 0.8366768812500001 0.250205065625 0.8349411171875 0.2712532859375 0.841934228125 0.29213425000000004
2 0.7397929875 0.47348331093749996 0.7631975828125 0.47581040156250004 0.7817237015625 0.47092388124999995 0.7989774 0.4571119765625 0.8089825968750001 0.439473878125 0.8122351296874999 0.42168194999999997 0.811093978125 0.4117344546875 0.8043159703124999 0.392945203125 0.7944933828125 0.3790290375 0.77780505625 0.369606028125 0.7583528921875 0.3666367625 0.740023678125 0.3699901171875 0.724250353125 0.37980856875 0.71133185 0.4012976453125 0.70785316875 0.4283835390625 0.7130013374999999 0.4485634796875 0.7239943156249999 0.4646663375 0.7397929875 0.47348331093749996
1 0.7129454578125001 0.5732948609374999 0.7185823171875 0.5821366171875 0.732273503125 0.5922967859375 0.750030190625 0.597167796875 0.7779123015625 0.594764275 0.79077231875 0.5887968031249999 0.8010108125000001 0.5768752859374999 0.8100899609375001 0.5513814015625 0.8091749625 0.532139940625 0.801572934375 0.5122335953125 0.79142216875 0.5008727046875 0.7744713015625 0.4934939140625 0.7567984437499999 0.491736721875 0.7445291453125 0.49310470312500004 0.72988981875 0.4978601 0.7190242140625001 0.507131359375 0.7130188859375 0.5199913546875 0.7092705140625 0.5341109171875 0.7086577015625 0.561481759375 0.7129454578125001 0.5732948609374999
1 0.42686153437499996 0.18306100625 0.43818269218749994 0.1966085921875 0.45465591562499996 0.20393989375000002 0.46666267031249997 0.204616128125 0.48097381875 0.2024160046875 0.5001562921875 0.192418940625 0.511397515625 0.1764564796875 0.519145759375 0.1575588140625 0.5200464578124999 0.14677917499999998 0.51801565625 0.136225640625 0.5068550109375 0.1138951453125 0.49233980781250003 0.10261788281249999 0.47043378125 0.0999222125 0.4534718671875 0.1039290984375 0.44089258906250006 0.11147722812500001 0.4297280484375 0.11554295625 0.4231794421875 0.1288665125 0.4199087125 0.1430335671875 0.41999969375 0.1611579359375 0.42686153437499996 0.18306100625
2 0.5818705921875 0.1399867578125 0.5975016 0.142576090625 0.6067737578125 0.14194526875 0.6253655109375 0.13654769375 0.6405773609375001 0.1235679328125 0.6480630609375 0.1067144828125 0.6505864546875 0.07953360781249999 0.6477134343750001 0.06423810937499999 0.6358964375 0.047018159375 0.62966885625 0.04277589375 0.608287915625 0.0359917859375 0.5806501515625 0.032726217187500004 0.56848288125 0.0408328921875 0.5530156421875 0.070867421875 0.550353828125 0.0840598578125 0.5504084171875 0.09493447968749999 0.5547325671875 0.11399732656249999 0.5656599124999999 0.1306112390625 0.5818705921875 0.1399867578125