1 0.05300032460084862 0.041315321786754636 0.10024935079830274 0.08263064357350927
0 0.11040164771882248 0.08652487021654427 0.05522601087441492 0.05310827962517117
1 0.6258502341826692 0.056700697084370845 0.10232118676785795 0.0981767387172289
1 0.03956389500021876 0.2502440409079423 0.07912779000043751 0.09464256175762475
1 0.11263401528585815 0.31899638941687414 0.10219385277546911 0.09505173871722886
2 0.314079815666419 0.4691996632360576 0.10544618676785796 0.09826766693047428
2 0.4882892954004639 0.560110505081072 0.10213018577927464 0.09348923871722903
2 0.35550467581908085 0.7356453656641978 0.10219385277546902 0.09505173871722902
2 0.0664501515987931 0.8587635830695257 0.09919618676785788 0.0980858105039836
2 0.014378246008486256 0.8733094678675464 0.028756492016972512 0.09400606426490725
1 0.023611289753291725 0.459224235814235 0.04722257950658345 0.09561402837152996