1 0.199542984375 0.2490234375 0.1839536890625 0.234375 0.16732510625000002 0.228515625 0.152775096875 0.228515625 0.136146515625 0.234375 0.12263579218750001 0.2451171875 0.12055721875 0.2509765625 0.1164000734375 0.2548828125 0.112242928125 0.2744140625 0.11432150156250001 0.2763671875 0.11432150156250001 0.2841796875 0.11847864687500001 0.2939453125 0.1319893703125 0.30859375 0.152775096875 0.31640625 0.170442965625 0.3154296875 0.1756393984375 0.314453125 0.19122869375 0.3056640625 0.199542984375 0.2880859375 0.20577870312500002 0.2802734375 0.20577870312500002 0.2626953125 0.199542984375 0.2490234375
2 0.2608608796875 0.275390625 0.2504680171875 0.271484375 0.227603715625 0.271484375 0.21721085312500002 0.275390625 0.20577870312500002 0.2841796875 0.193307265625 0.3037109375 0.193307265625 0.3076171875 0.19122869375 0.3095703125 0.19122869375 0.3193359375 0.1953858390625 0.3271484375 0.1953858390625 0.3330078125 0.21305370625000003 0.3515625 0.219289425 0.35546875 0.2234465703125 0.35546875 0.2317608609375 0.359375 0.2473501578125 0.3583984375 0.265018025 0.3515625 0.280607321875 0.3349609375 0.2847644671875 0.3251953125 0.2847644671875 0.3037109375 0.2764501765625 0.2880859375 0.2608608796875 0.275390625
1 0.046875 0.35625 0.09375 0.08984375
0 0.09769291875 0.3681640625 0.0883393421875 0.36328125 0.0696321875 0.36328125 0.0582000375 0.3740234375 0.0582000375 0.3974609375 0.071710759375 0.408203125 0.0852214828125 0.4072265625 0.0997714921875 0.3974609375 0.1018500640625 0.3876953125 0.1039286375 0.3857421875 0.1039286375 0.3779296875 0.0997714921875 0.3740234375 0.09769291875 0.3681640625
2 0.9582220390625 0.5380859375 0.9519863203125001 0.5244140625 0.9384755968749999 0.51171875 0.9176898703124999 0.50390625 0.90729700625 0.50390625 0.9052184328124999 0.505859375 0.8927469968749999 0.5078125 0.8730005562500001 0.5244140625 0.868843409375 0.5302734375 0.868843409375 0.5341796875 0.8646862640625 0.5419921875 0.8646862640625 0.5556640625 0.8667648375000001 0.5576171875 0.8667648375000001 0.5634765625 0.8750791281250001 0.5771484375 0.8885898515624999 0.587890625 0.9031398609375 0.59375 0.9228863015625001 0.5927734375 0.936397025 0.587890625 0.9519863203125001 0.5732421875 0.9561434656250001 0.5673828125 0.9603006109375001 0.5498046875 0.9582220390625 0.5478515625 0.9582220390625 0.5380859375
2 0.3367287859375 0.4638671875 0.3367287859375 0.4619140625 0.32737520781249996 0.455078125 0.3128251984375 0.44921875 0.292039471875 0.44921875 0.2774894625 0.455078125 0.25982159375 0.4736328125 0.2556644484375 0.4833984375 0.2556644484375 0.5009765625 0.257743021875 0.5029296875 0.257743021875 0.5087890625 0.2639787390625 0.5185546875 0.2816466078125 0.533203125 0.292039471875 0.537109375 0.3138644859375 0.5361328125 0.32737520781249996 0.53125 0.3429645046875 0.5166015625 0.349200221875 0.5029296875 0.349200221875 0.4833984375 0.3429645046875 0.4697265625 0.3367287859375 0.4638671875
1 0.5944718078125 0.7646484375 0.5809610843749999 0.75 0.5643325015625 0.7421875 0.5477039203125 0.740234375 0.545625346875 0.7421875 0.5331539109375 0.744140625 0.5186039015625 0.75390625 0.511328896875 0.7626953125 0.505093178125 0.7763671875 0.505093178125 0.7939453125 0.5134074703125 0.8115234375 0.5248396203125 0.822265625 0.5310753375 0.826171875 0.535232484375 0.826171875 0.543546775 0.830078125 0.56121464375 0.8291015625 0.5726467937499999 0.826171875 0.592393234375 0.8095703125 0.598628953125 0.7958984375 0.598628953125 0.7763671875 0.5965503796875 0.7744140625 0.5944718078125 0.7646484375
1 0.29515733125 0.6943359375 0.2930787578125 0.6923828125 0.2910001859375 0.6806640625 0.2733323171875 0.662109375 0.2608608796875 0.65625 0.2421537265625 0.654296875 0.240075153125 0.65625 0.227603715625 0.658203125 0.207857275 0.6748046875 0.20162155624999997 0.6865234375 0.199542984375 0.7041015625 0.20162155624999997 0.7060546875 0.2037001296875 0.7177734375 0.2234465703125 0.73828125 0.240075153125 0.744140625 0.2556644484375 0.7431640625 0.27125374375 0.73828125 0.2889216125 0.7216796875 0.2930787578125 0.7119140625 0.2930787578125 0.7060546875 0.29515733125 0.7041015625 0.29515733125 0.6943359375
2 0.5092503234375 0.33650844687500003 0.5092503234375 0.3228365703125 0.5071717515625 0.32088344687500003 0.505093178125 0.3111178203125 0.5009360328125 0.30525844687500003 0.4874253109375 0.29256313437500003 0.4749538734375 0.2906100078125 0.470796728125 0.2867037578125 0.464561009375 0.28475063437500003 0.4624824375 0.2867037578125 0.447932428125 0.2886568828125 0.4354609921875 0.2945162578125 0.4261074140625 0.3033053203125 0.424028840625 0.3091646953125 0.4198716953125 0.31307094687500003 0.42195026875 0.3150240703125 0.41571455 0.3267428203125 0.41571455 0.33650844687500003 0.42195026875 0.35213344687500003 0.43338241875000005 0.3648287578125 0.447932428125 0.3726412578125 0.454168146875 0.3726412578125 0.45624671875 0.3745943828125 0.46975744218750004 0.3736178203125 0.477032446875 0.3726412578125 0.4853467375 0.3687350078125 0.4988574609375 0.3579928203125 0.5071717515625 0.34432094687500003 0.5071717515625 0.3384615703125 0.5092503234375 0.33650844687500003
2 0.586157515625 0.2529296875 0.586157515625 0.2431640625 0.5799217984375 0.2314453125 0.5622539296875 0.216796875 0.551861065625 0.21484375 0.54978249375 0.212890625 0.5331539109375 0.212890625 0.5310753375 0.21484375 0.520682475 0.216796875 0.50301460625 0.2314453125 0.4967788875 0.2412109375 0.4967788875 0.2470703125 0.494700315625 0.2490234375 0.494700315625 0.2626953125 0.5009360328125 0.2783203125 0.5186039015625 0.294921875 0.535232484375 0.30078125 0.54874320625 0.2998046875 0.566411075 0.29296875 0.5799217984375 0.2802734375 0.58407894375 0.2724609375 0.586157515625 0.2587890625 0.5882360890625 0.2568359375 0.586157515625 0.2529296875
1 0.6422789796874999 0.2919921875 0.6339646890624999 0.2724609375 0.620453965625 0.259765625 0.6059039562499999 0.25390625 0.5913539484375 0.251953125 0.5882360890625 0.2548828125 0.5882360890625 0.2626953125 0.5820003703125 0.2783203125 0.574725365625 0.287109375 0.5726467937499999 0.287109375 0.5643325015625 0.294921875 0.5560182109375 0.296875 0.5508217796875 0.3017578125 0.5508217796875 0.3115234375 0.557057496875 0.3232421875 0.5726467937499999 0.3359375 0.5768039390624999 0.3359375 0.5851182296874999 0.33984375 0.6048646703125 0.3388671875 0.616296821875 0.3359375 0.6318861171875 0.3232421875 0.6381218343749999 0.3134765625 0.6381218343749999 0.3095703125 0.6422789796874999 0.3017578125 0.6422789796874999 0.2919921875