2 0.9143470978092495 0.16599556648359948 0.10341710064862326 0.11157266508343389
1 0.8038617909921161 0.31347035277964663 0.10341710064862326 0.1115726650834338
1 0.9167519342577084 0.7002034701470726 0.10341710064862326 0.1115726650834338
0 0.8301422784135095 0.6894087330373714 0.05884889448011279 0.0624048247398008
2 0.6517212236249712 0.7418332909301446 0.1018273271096728 0.10992827792830404
2 0.7201909853960939 0.9648492305509805 0.10341710064862308 0.07030153889803899
2 0.5883366079588143 0.6548412239922599 0.10180005357072233 0.10836577792830404
1 0.7435498080382447 0.40883708446228084 0.10185460064862326 0.11149077792830404
2 0.37762875324970613 0.4514351837394838 0.1018273271096728 0.10992827792830404
1 0.3201061741081432 0.16300344753429377 0.10344437418757346 0.11313516508343388
1 0.04783788758354936 0.7514263811622359 0.09567577516709871 0.1115726650834338