2 0.1346551867610053 0.5253422260643055 0.10527283175849819 0.10861389342673622
2 0.06323412078123976 0.045693706497013875 0.06415675843752049 0.09138741299402775
2 0.005972169970782327 0.8276704051102431 0.011944339941564654 0.10403418977951376
0 0.4121750738691318 0.17853473556361074 0.0582688569862416 0.059121733282500075
1 0.3618898755905632 0.03620699088194431 0.1043452488188736 0.07241398176388862
1 0.6089360011811265 0.065449588052812 0.105327395460829 0.1101763934267362
1 0.7341914284083029 0.2787645928024647 0.10527283175849825 0.10861389342673622
1 0.8701090479235983 0.5667704730270826 0.10527283175849789 0.10861389342673622
1 0.7184572347694216 0.7740407252112841 0.105327395460829 0.11017639342673621
2 0.5164656596343453 0.8357270268823953 0.105327395460829 0.11017639342673605
2 0.1116344152462769 0.06687641584381934 0.10209326805616734 0.1069786582443751