1 0.935583496876742 0.06799692009084879 0.08963519262201594 0.09895565046753822
2 0.594840322208707 0.049976232340606705 0.09901928298109546 0.09995246468121341
0 0.6022538881708981 0.24962975693388695 0.05969316256778665 0.05503293364502539
2 0.07136295735454298 0.314439229020957 0.10526019262201591 0.09904655405833437
2 0.46760215309981684 0.33713482299427394 0.10524201190385671 0.09592155405833439
1 0.6325958940246306 0.36195704011137425 0.10526019262201594 0.09904655405833437
1 0.5780361799325923 0.5185297478587007 0.10526019262201594 0.09904655405833437
2 0.37703676131468145 0.48219785900043155 0.10526019262201594 0.09904655405833437
1 0.30245089353365123 0.688107491415793 0.10526019262201594 0.09904655405833437
2 0.8757878787029284 0.5332042844540335 0.10683178298109582 0.10061814441741408
1 0.9302627970262515 0.7649264622453265 0.10526928298109546 0.10060905405833438