2 0.900683251802952 0.5405826374383171 0.10719686379145835 0.11085859514371954
1 0.4212035059839236 0.03291648541852363 0.1049070119678472 0.06583297083704726
1 0.7289140885245837 0.3821887789002553 0.10719686379145835 0.11085859514371972
2 0.3047096030578821 0.1936146415284452 0.10730596656500016 0.11554609514371963
2 0.2636748674942714 0.6138422249936824 0.10730596656500006 0.11554609514371954
2 0.14398126975472278 0.67752194325694 0.10726959897381953 0.11398359514371954
2 0.21824030660819518 0.8786237905122307 0.11043096656500007 0.11563702335696498
1 0.42933884792697985 0.7450514579049236 0.1103945989738195 0.11407452335696497
1 0.4781179207809032 0.5567869282797524 0.107233231382639 0.11242109514371953
1 0.6035199239150353 0.6711867459098719 0.11039459897381967 0.11407452335696497
0 0.6795687051658337 0.41176863031218114 0.059158100873680654 0.05949467194503928