1 0.855182403688992 0.07909237702614355 0.09588519262201593 0.1017658858421822
1 0.8418218021134269 0.629518962960993 0.09590337334017533 0.10489088584218216
1 0.6935070219610016 0.6032416612395617 0.09902837334017515 0.10500001324684405
1 0.7734182775201465 0.2989385963561045 0.09588519262201593 0.10176588584218216
0 0.7224234040817755 0.33388402603035167 0.05188975292686635 0.058050602176918265
2 0.641069385833207 0.21461318165798177 0.09590337334017515 0.10489088584218216
2 0.6099461299794745 0.3260491894625301 0.09904655405833437 0.10812501324684387
2 0.46685466013189975 0.34215036069925675 0.09904655405833437 0.10812501324684387
2 0.3477632507855669 0.5309995511732771 0.09592155405833439 0.10801588584218216
1 0.18568997678146185 0.5862897079820335 0.09590337334017515 0.10489088584218216
2 0.40552419116808763 0.944819003713015 0.09904655405833437 0.10812501324684405