1 0.25133677493981066 0.7104815442731546 0.10920516693047429 0.10465405925034225
1 0.18988376405275095 0.9632632149645526 0.10967652837152989 0.06719952335696497
1 0.3055194727490973 0.8527766928612287 0.1139381310370969 0.10635295157021041
1 0.8493293087216169 0.8658841658098471 0.11393813103709718 0.10635295157021041
1 0.38600127995437555 0.6627761669969813 0.1139381310370969 0.10635295157021041
0 0.31179690182027253 0.6923021941148699 0.05636967194503928 0.05940374373179384
2 0.23006821404011565 0.4632344712327587 0.11076766693047428 0.10469952335696497
2 0.17360160220334858 0.3499365008579298 0.11076766693047428 0.10469952335696497
2 0.07555890729705583 0.3394967575218474 0.11085859514371962 0.10782452335696498
2 0.04430524412750524 0.20591737938774432 0.07951766693047427 0.10379024122451135
2 0.17673364773014438 0.10823473416488238 0.11085859514371962 0.10782452335696498