1 0.33359375 0.46754165056589764 0.10625 0.10185460064862326
1 0.215625 0.051419998375146915 0.10625 0.0971671006486231
1 0.715625 0.16874128083925571 0.10625 0.10185460064862313
2 0.040625 0.6311778620127088 0.08125 0.09985572402541756
2 0.19296875 0.07914953206036698 0.10625 0.10185460064862313
2 0.59453125 0.5861588315706043 0.10625 0.10185460064862309
2 0.6546875 0.5106463628201924 0.10625 0.10185460064862326
2 0.7609375 0.18984471346881557 0.10625 0.10185460064862309
1 0.4765625 0.21769342937985367 0.10625 0.10185460064862309
1 0.52578125 0.2177712958567894 0.10625 0.10185460064862309
0 0.50234375 0.2540809427725343 0.0515625 0.05090002678536125