2 0.8205184204514 0.4830163354437942 0.09390573295387128 0.10111988229073816
2 0.9552084350586012 0.9513067165473981 0.08919095941492117 0.09738656690520386
2 0.9556829841716874 0.19105981914645817 0.08863403165662512 0.10107441818411553
0 0.5881964387120492 0.8174893091838353 0.05246252678536116 0.05306281551854859
1 0.650203335220757 0.960109752045064 0.09387845941492116 0.07978049590987198
1 0.4089374070554241 0.9262779728156044 0.09393300649282174 0.10268238229073816
1 0.267905483761355 0.7199333814328084 0.09390573295387146 0.10111988229073816
1 0.10769113798399588 0.44353470282385155 0.09390573295387142 0.10111988229073816
1 0.2338194411509765 0.24340197367353414 0.09549550649282175 0.10272784639736088
2 0.42173645251506225 0.18327813057487852 0.09549550649282175 0.10272784639736088
2 0.8891470584353958 0.9254144356020788 0.09231595941492117 0.09951191818411545