2 0.7117374786759996 0.0462523050577404 0.09649428668045398 0.0925046101154808
2 0.36573737205599743 0.39779292387909554 0.09649428668045398 0.10544618676785796
1 0.9173725973901792 0.38156847422247536 0.0996192866804538 0.1055735207602467
2 0.36280382340067874 0.4815458413695815 0.09647610534690845 0.10388368676785795
1 0.6696009054344044 0.7176001106097724 0.09653064934754489 0.10857118676785796
1 0.7705736067790857 0.7971191728533313 0.09653064934754489 0.10857118676785796
2 0.3612713321132675 0.8200499258562619 0.0996192866804539 0.1055735207602467
2 0.123942960097041 0.7101323922816151 0.09963746801399935 0.10713602076024671
1 0.4103215240292714 0.1990079139932638 0.09649428668045382 0.10544618676785786
1 0.1425902260502704 0.3646779708367963 0.0964942866804539 0.10544618676785786
0 0.36893564473263335 0.471134923384804 0.050654528007636035 0.05828734387822045