1 0.9587697567234065 0.874837795870506 0.08246048655318709 0.10107269867918127
2 0.8937998320734966 0.5310792525461874 0.09491360534690826 0.10109088001272681
2 0.776529968730088 0.458215011895323 0.09805678668045381 0.10268974267981754
2 0.7012999653484993 0.10357351257164074 0.09805678668045399 0.10268974267981759
2 0.5390646893698164 0.26251380259391244 0.09803860534690863 0.10112724267981754
1 0.540903193427723 0.6891126652610033 0.09803860534690845 0.10112724267981754
2 0.3799838747612684 0.6925478426161842 0.09803860534690845 0.10112724267981754
1 0.34756698535963515 0.18973192528645672 0.09491360534690844 0.10109088001272673
1 0.5811987400540884 0.3917285879217309 0.09491360534690844 0.10109088001272673
1 0.07795994012567604 0.924999452657546 0.0980567866804539 0.1026897426798179
0 0.5533913660486796 0.3522030112587761 0.05054544000636341 0.04745680267345431