2 0.13631708918452837 0.9323588552469271 0.10985120435383648 0.10745435574121842
1 0.14940481079192397 0.36885211216700925 0.11135914065150562 0.10595552273741297
0 0.17440232159169716 0.30277878460041113 0.05810516587924912 0.05541701186299815
2 0.48113841651222133 0.195136016843095 0.11141370435383635 0.10751802273741302
1 0.7805803666048885 0.10201866410480695 0.11135914065150558 0.10595552273741302
2 0.5852083907363237 0.4498009536109529 0.11135914065150558 0.10595552273741297
2 0.5020834106065895 0.5938600183259698 0.11141370435383635 0.10751802273741298
1 0.5864956492586622 0.8664472841433006 0.10985120435383652 0.10745435574121842
1 0.4214262099657681 0.8979479990485979 0.11141370435383653 0.10751802273741298
2 0.8892734196770821 0.8241748484012069 0.11141370435383635 0.10751802273741298
1 0.39684536141704696 0.9312724936113905 0.10979664065150559 0.10589185574121843