1 0.40718523954551455 0.8501175945085073 0.1038200197716634 0.09607752583555573
1 0.8391620928152752 0.7655510644919798 0.0991325197716634 0.0959684230620141
2 0.4078656022439965 0.3152516320275698 0.10544618676785796 0.09767639342673622
2 0.2577913008748524 0.1600523729095141 0.10544618676785786 0.09767639342673622
2 0.08654765365032155 0.06379170269729174 0.10544618676785789 0.0976763934267362
2 0.22216552418310673 0.28590570488149325 0.10544618676785786 0.09767639342673622
1 0.18056173114255758 0.8847244113785072 0.10225751977166349 0.09604115824437506
1 0.10979824498272203 0.817390134593021 0.10538251977166349 0.09611389342673604
1 0.024884664487555407 0.8587762411662847 0.04976932897511081 0.0956774823325695
0 0.2412246585188753 0.835306946047778 0.0552896778706093 0.054361498100139016
2 0.17644055281483775 0.5444624340799307 0.10232118676785787 0.09760365824437507