2 0.9593751157968189 0.6722389224310648 0.08124976840636222 0.110337713703953
2 0.5643580223307942 0.38729519787297806 0.11425089867609248 0.11041960085908258
1 0.694460976836127 0.9217288308442363 0.11425089867609231 0.11041960085908258
2 0.482945356491194 0.39627737222866605 0.11098034946188076 0.10713082654882315
1 0.323028970840271 0.7276900672765689 0.11581339867609249 0.11050148801421233
1 0.26896651715899855 0.8386408553816385 0.11581339867609249 0.11050148801421251
2 0.1617103653825342 0.4433482875392426 0.11432367328319834 0.11198210085908258
2 0.21639990363849115 0.195265991632257 0.11425089867609248 0.11041960085908267
1 0.7614513461521119 0.4023004794193268 0.11425089867609231 0.11041960085908258
1 0.5493729154253154 0.16595578640758876 0.11425089867609248 0.11041960085908267
0 0.4948460430089587 0.40079777589213916 0.060359611248705036 0.057717324739800804