1 0.8099195735222315 0.21223872342643296 0.10279034200867017 0.10663950361804461
2 0.732416199802356 0.2455624785148156 0.10288134727034208 0.10820200361804462
2 0.9442593782756757 0.7535807756649966 0.10279034200867017 0.10663950361804453
2 0.8975693048946185 0.433356806872661 0.10279034200867017 0.10663950361804453
1 0.9843867654320796 0.8535674875599272 0.031226469135840772 0.10705558344622794
2 0.5530057757436619 0.6287080919255127 0.10279034200867017 0.10663950361804453
1 0.3552247832832338 0.9815509724103801 0.09978716837349913 0.03689805517923972
1 0.34485237052434237 0.5718461810259503 0.10279034200867017 0.10663950361804453
1 0.3308614050781452 0.21127717322403425 0.10279034200867017 0.10663950361804461
2 0.582682239335482 0.1754060295101838 0.10279034200867017 0.10663950361804461
0 0.8229201024614266 0.221487570667471 0.04813366311182747 0.050812227498762755