1 0.8237094245085897 0.6232763525861105 0.10961255357072233 0.10563436379145834
1 0.5219625491064956 0.08242084213687458 0.10961255357072233 0.10563436379145844
1 0.40368902515721283 0.7393456022048608 0.10961255357072233 0.10563436379145834
1 0.7605271805943744 0.8990770928024647 0.10961255357072233 0.10563436379145834
0 0.5154807240254177 0.0692850625015968 0.05087275324641087 0.05116376291777782
1 0.0883195750777826 0.49267650284979164 0.10961255357072244 0.10563436379145834
2 0.24117143424782234 0.7868960154832291 0.1096125535707225 0.10563436379145834
2 0.31068549877888874 0.5156373049021525 0.1096125535707225 0.10563436379145834
2 0.1659206493480816 0.3712905056995832 0.10961255357072242 0.10563436379145834
2 0.7393370097392327 0.13285268075836743 0.10961255357072233 0.10563436379145844
2 0.9224297479681098 0.3685323415681937 0.10961255357072233 0.10563436379145844