1 0.8457146582732399 0.854108125287534 0.10185460064862326 0.10857752583555573
2 0.6314691517804183 0.7590541176880897 0.09872960064862327 0.1085047906531944
1 0.5003067008869138 0.8566766129384371 0.10180005357072233 0.10545252583555573
2 0.4299181087597074 0.9435057721327427 0.10158186525911965 0.09295252583555573
1 0.5755820215070602 0.3781684468102773 0.09867505357072233 0.10537979065319458
1 0.1189246927725343 0.4997798348217707 0.10180005357072246 0.10545252583555573
2 0.9132478425309483 0.20070906193291593 0.09867505357072233 0.10537979065319458
1 0.9513012215897856 0.3576851073357631 0.09739755682042883 0.10537979065319458
0 0.915856419640621 0.30537837813732566 0.05410684740221221 0.05748649810013893
2 0.2515893680984935 0.3091158543890623 0.10185460064862309 0.10857752583555565
2 0.2969018680984935 0.30806119424482614 0.1018000535707225 0.10545252583555564