2 0.39032377475017577 0.9313662880877434 0.09845686525911974 0.09287979065319477
2 0.6484714654974104 0.8670908082237159 0.09848413879807012 0.0944422906531944
2 0.5973457475610727 0.5777367142838894 0.09845686525911965 0.0928797906531944
1 0.4093332788106608 0.633492485751042 0.09689436525911965 0.09284342306201392
2 0.3324004062446452 0.7894502386008336 0.09848413879807003 0.09444229065319458
2 0.6968530495102374 0.4176187915062159 0.10004663879807012 0.09447865824437507
0 0.35949555113509046 0.19422931078916697 0.052380706168510205 0.048075130508958355
1 0.12457249512544075 0.6495116503605903 0.0968943652591197 0.0928434230620141
1 0.3251438705341255 0.23950478998760444 0.09686709172016936 0.091280923062014
1 0.1577435052717105 0.6260748035709723 0.09686709172016936 0.09128092306201392
1 0.7284496972367611 0.5276847757386465 0.10640573295387128 0.10087412860909736