1 0.11975990721487095 0.7121155648834572 0.10802387357870127 0.11448414065150558
1 0.4155791833820558 0.8583531255057452 0.10784186305535748 0.11135914065150558
1 0.1939492941595134 0.6014930342134182 0.10784186305535756 0.11135914065150558
0 0.24912264157102976 0.5541616772271765 0.05814569994353027 0.061284729581580065
2 0.4348579313159173 0.26193942777533064 0.11087585779368574 0.1099057680561673
2 0.5036064732681178 0.42080350708675807 0.10784186305535748 0.11135914065150558
2 0.5025507494353026 0.5774081711519087 0.11114887357870132 0.11459326805616729
1 0.4728093125047777 0.6716046044543529 0.10802387357870132 0.11448414065150558
2 0.5761618256589573 0.6719096501005165 0.11114887357870132 0.11459326805616747
1 0.7684326256448399 0.6800693465649866 0.10802387357870132 0.11448414065150558
2 0.9489747327583921 0.30802318785731364 0.10205053448321592 0.1114682680561673