2 0.886539538629106 0.9826930519554518 0.10528967787060921 0.034613896089096485
1 0.8021433395039583 0.837424104860834 0.10908052273741298 0.11024912860909737
1 0.9698999590109793 0.47707175237163274 0.060200081978041456 0.10803201196784737
0 0.90242459342111 0.46355280660819514 0.06029551285158128 0.06228310087368065
2 0.7302856551703774 0.3572995405562853 0.10595552273741297 0.11017639342673621
2 0.8466441897336073 0.12897713164632013 0.10908052273741298 0.11024912860909733
2 0.6472768369953193 0.42717432304135466 0.10582818874502423 0.10705139342673622
1 0.759246232279865 0.7232518488769103 0.10764535672980173 0.1133377610179167
2 0.3916701186299809 0.5710827515186114 0.10595552273741297 0.11017639342673621
1 0.2780346774506798 0.8470795942241669 0.11077035672980173 0.11341049620027803
1 0.10827936809850831 0.1672076434267362 0.10908052273741298 0.11024912860909733