1 0.31841832195929076 0.19476478686187398 0.10338617328319835 0.11140889077317437
1 0.940926984489122 0.4111844092061411 0.10338617328319835 0.11140889077317447
1 0.274116281841307 0.6560165473773235 0.10338617328319835 0.11140889077317447
1 0.05599755872472441 0.31111124038906157 0.07355312406898658 0.1067280348257091
0 0.9552441956139927 0.4159161748099732 0.05232878742738763 0.05262038896415202
1 0.5891056968523376 0.9284935764372815 0.1024401033908223 0.09109639077317447
2 0.25343356244426885 0.8340939597472239 0.10338617328319835 0.11140889077317447
2 0.5257558645539647 0.711746489711693 0.10338617328319835 0.11140889077317447
2 0.7031082307650685 0.8371548462249851 0.10338617328319835 0.11140889077317447
2 0.8469628529765373 0.19290912200558274 0.10338617328319835 0.11140889077317437
2 0.5675920684446341 0.05096221619237338 0.10338617328319835 0.10192443238474676