1 0.053145328727935294 0.8531223414067626 0.07819891233702041 0.09686968281352507
2 0.2585362122509996 0.8123076349044223 0.10476141233702041 0.09795202174883003
2 0.15534125405389448 0.669919863649884 0.10481595941492108 0.10107702174882985
2 0.8067027512112255 0.9521984530980708 0.10163641233702023 0.09560309380385838
2 0.6278905896882792 0.5041502139910763 0.10481595941492117 0.10107702174882985
2 0.8454775101429745 0.49115675996019387 0.10481595941492117 0.10107702174882985
1 0.7758960726454459 0.12764074661432098 0.10481595941492117 0.10107702174882985
1 0.45158186525911964 0.10896109490398476 0.10481595941492117 0.10107702174882985
0 0.2655058177741819 0.27235113836446334 0.05717730032431154 0.05541701186299815
1 0.21003311363426663 0.3145903765014653 0.10169095941492108 0.10094968775644109
1 0.17268489244822277 0.4559356180985083 0.10481595941492108 0.10107702174882985