2 1 0.08207954375 0.9923388265625 0.07754769375000001 0.959604871875 0.074489359375 0.9371427703125 0.0900076265625 0.93216744375 0.095760515625 0.9289671828125 0.1058244 0.9265813187499999 0.10767406718750001 0.925156121875 0.12204895 0.9271347859375 0.124306396875 0.9280954515625 0.1368316125 0.9318491796874999 0.14340005625000002 0.9488714249999999 0.1605347734375 0.9605684734375 0.164736496875 0.9790159140625001 0.1674963296875 0.9814017796875 0.1656466640625 0.98794856875 0.16625833125 0.9994706875 0.1611171109375 1 0.1606513109375 1 0.08207954375
2 0.5629319546875 0.1545288 0.5593818265625 0.1459068015625 0.5597890249999999 0.141799690625 0.556035296875 0.13523125 0.54317398125 0.12055786406249999 0.5263266718749999 0.1127660859375 0.5088685609375 0.111134975 0.490799653125 0.1156645296875 0.47290567812499995 0.1295370234375 0.464933690625 0.143300240625 0.46289769375 0.16383578906250001 0.466447821875 0.1724577859375 0.4660406234375 0.1765648953125 0.480880603125 0.193495725 0.4911811234375 0.200675834375 0.4965349828125 0.20221233437500002 0.5171646859375 0.2051760578125 0.5352335953125 0.20064650468749998 0.55074170625 0.1886236765625 0.5557170328125001 0.182870790625 0.5589172953125 0.17280690468749998 0.5613031578125 0.170957240625 0.5629319546875 0.1545288
2 1 0.018532071875 0.9778791234374999 0.016465315624999997 0.9715106499999999 0.02046801875 0.9585633359375001 0.039984121875 0.9577489359375001 0.0481983421875 0.9551594734375 0.0521015625 0.9571381375 0.054359006249999994 0.9565273390625 0.060519670312499996 0.9585060015625 0.062777115625 0.9596702671875 0.073248778125 0.9764889125 0.09243705156250001 0.9901646265625 0.0988962171875 1 0.10026193125 1 0.018532071875
2 0.168820221875 0 0.1704111578125 0.003863815625 0.17000395937499999 0.007970925 0.17375768593750002 0.01453936875 0.1846403390625 0.026955309374999997 0.19494085781249998 0.03413541875 0.20029471718749997 0.035671918749999997 0.22528895000000002 0.039043418749999996 0.23660746875 0.0359557546875 0.2542978421875 0.024136815625 0.2646556953125 0.00852393125 0.2655008 0 0.168820221875 0
0 0.856789290625 0.40064080156250004 0.8458779734374999 0.39962135625 0.8367417203124999 0.402912909375 0.8283911984375001 0.409386740625 0.8279839984375 0.41349385156249996 0.8255981359375 0.41534351562499994 0.8237657390625 0.4338255109375 0.833862659375 0.44305917499999997 0.8376163859375 0.44962761718750005 0.8538815640624999 0.45218356406250004 0.8675859453125 0.44724623125 0.8765472671874999 0.4346117359375 0.8775652640624999 0.42434396249999995 0.874015134375 0.41572196406249995 0.8651111468750001 0.40556346562499995 0.856789290625 0.40064080156250004
1 1 0.32779294531250003 0.9915045703124999 0.33032416875 0.9736105953124999 0.34419666250000003 0.9656386078124999 0.3579598796875 0.9636026109375001 0.37849542812500003 0.9673563390625001 0.3850638703125 0.9687242046875 0.3934819796875 0.983564184375 0.4104128078125 0.9972398984374999 0.41687197343750004 1 0.41726849843749997 1 0.32779294531250003
1 1 0.5988038203125 0.992445378125 0.587411640625 0.9716407390624999 0.5751049765625 0.9520003671874999 0.5732699765625 0.9428641140625 0.5765615296875 0.9384995859374999 0.5761537515625 0.9315455953124999 0.57964919375 0.915833884375 0.593725578125 0.9076582953125 0.60954235 0.9064366968750001 0.621863678125 0.9084153625000001 0.624121121875 0.9078045625 0.6302817875 0.91312975625 0.6432147828125 0.9240124078124999 0.655630725 0.934312928125 0.662810834375 0.9396667859375001 0.6643473359375001 0.96466101875 0.6677188359375 0.9759795359375 0.6646311703125 0.9936699125 0.65281223125 1 0.643270590625 1 0.5988038203125
1 0.7787930109375 0.7208208046875 0.776610746875 0.7206169140625 0.7706747546875 0.7138445828125 0.7560097078125 0.7062566953125 0.734187071875 0.7042178046875 0.718300428125 0.708951246875 0.700406453125 0.722823740625 0.6924344640625 0.7365869578125 0.6906020671875 0.75506895 0.6955200609375 0.7721090578124999 0.7103600421875 0.7890398875 0.7240357562499999 0.795499053125 0.7468477234375 0.7986666640625 0.7627343703125 0.7939332234375 0.78062834375 0.7800607296875001 0.78860033125 0.7662975125 0.7906363296875 0.7457619609374999 0.7855147359375 0.7307754125 0.7787930109375 0.7208208046875
1 0.4766284984375 0.858395734375 0.461963453125 0.850807846875 0.44014081718750003 0.8487689578125 0.4242541703125 0.8535024 0.40636019531249995 0.8673748921875 0.3983882078125 0.881138109375 0.3963522109375 0.901673659375 0.40147380468750005 0.916660209375 0.4182924484375 0.9358484828125 0.4299895 0.940050203125 0.4528014671875 0.943217815625 0.46868811250000003 0.938484375 0.484196225 0.9264615453125 0.4945540765625 0.9108486640625 0.4963864734375 0.8923666703125 0.4914684796875 0.8753265625 0.4766284984375 0.858395734375
1 0.291133153125 0.7633432499999999 0.2935190140625 0.7614935843749999 0.2949442109375 0.7471186999999999 0.291394084375 0.738496703125 0.2918012828125 0.7343895921875 0.288047553125 0.7278211515625 0.2751862390625 0.7131477640624999 0.269046646875 0.7084289890625 0.25833892812500003 0.7053559890625001 0.2563602640625 0.70309854375 0.24108441875 0.7016713203125 0.223015509375 0.7062008734375 0.215857921875 0.711749871875 0.21367565625 0.7115459828125 0.20273567187500002 0.7219230343749999 0.197556746875 0.729729475 0.196742346875 0.7379436953125 0.194356484375 0.7397933609375 0.1947063515625 0.7584792421875 0.20003154374999998 0.7714122406249999 0.2190324515625 0.790804403125 0.2307295015625 0.795006125 0.2469946796875 0.7975620671875 0.256130934375 0.794270515625 0.2604954625 0.79467829375 0.267449453125 0.79118285 0.2829575625 0.779160021875 0.287932890625 0.7734071359375 0.291133153125 0.7633432499999999
2 0.23790695 0.544894871875 0.23851775000000003 0.53873420625 0.23319255625 0.525801209375 0.2161703125 0.5086664921875 0.20546259375 0.5055934921875 0.2034839296875 0.503336046875 0.1838435578125 0.501501046875 0.161002921875 0.50972993125 0.147677075 0.5219566484375 0.139501484375 0.5377734203125 0.1382798875 0.5500947484375 0.144972946875 0.571445853125 0.1639738546875 0.5908380171875 0.17052064375 0.591449684375 0.1778531671875 0.595243628125 0.18975381875 0.5973917953125001 0.212390853125 0.591216465625 0.232874290625 0.5734407515625 0.2362781546875 0.561323309375 0.2386640171875 0.55947364375 0.239885615625 0.5471523140625 0.23790695 0.544894871875