1 0.7713691197753821 0.1818624693925289 0.10407186379145834 0.11254284946188076
2 0.6942078609416669 0.21962998903723605 0.10570709897381966 0.11574062406898662
2 0.915874453550313 0.7239494236929739 0.10407186379145834 0.11254284946188076
2 0.8630884135627086 0.400745210086904 0.10719686379145835 0.11268839867609248
1 0.9708827297671183 0.8190479079772082 0.058234540465763374 0.11130568114108108
2 0.5201242360353824 0.6196727227022978 0.10407186379145834 0.11254284946188076
1 0.3282530458746189 0.9848373804791274 0.10254442496187507 0.030325239041745177
1 0.3099309652338199 0.574764675350113 0.10719686379145843 0.1126883986760923
1 0.2889209488975696 0.20855747849326606 0.10407186379145843 0.11254284946188076
2 0.5421537452503473 0.1579197394515208 0.10407186379145834 0.11254284946188071
0 0.7848322077312849 0.1902935535529287 0.04960126291777769 0.05225601282028158