1 0.11062603409225716 0.1915624536812724 0.1050341477265238 0.11417812406898657
2 0.2316436919650507 0.10083894623767434 0.10503414772652384 0.11417812406898661
2 0.5628527816566252 0.08775447953123254 0.10659664772652384 0.11425089867609244
1 0.6210277459428102 0.15373904446120995 0.10500687418757337 0.11261562406898658
2 0.9337498883943283 0.17117898573648554 0.10503414772652384 0.11417812406898661
1 0.7256360105566021 0.6453378854460353 0.10659664772652384 0.11425089867609248
2 0.5423308125057668 0.816243352566762 0.10662392126547413 0.1158133986760923
2 0.5051501866933401 0.7102502177444083 0.10500687418757337 0.11261562406898662
1 0.1096349095009419 0.606115105252849 0.1065966477265238 0.11425089867609248
0 0.14742128165992047 0.5879622646823084 0.05410684740221221 0.05872433664159917
1 0.4091554427791249 0.4407254299027361 0.10500687418757337 0.11261562406898662