0 0.3862462799644691 0.2890052933487177 0.05911605042954129 0.05632420783841656
2 0.625738147897722 0.37734769398185597 0.10647572930778501 0.09670516693047429
2 0.45723057157604147 0.9052871743858149 0.10647572930778501 0.09670516693047446
1 0.35157147105564307 0.786411490762293 0.10647572930778519 0.09670516693047429
2 0.1579033582107728 0.7792114415410805 0.10647572930778511 0.09670516693047429
1 0.4604097190194782 0.41165919483978575 0.10647572930778501 0.09670516693047429
1 0.3013766350074232 0.2810587495377816 0.10647572930778511 0.09670516693047429
1 0.6343208525565632 0.5121773350480827 0.10647572930778501 0.09670516693047429
1 0.73272189450682 0.9039138571514066 0.10647572930778501 0.09670516693047446
2 0.4372157219601542 0.7646478025199177 0.10647572930778501 0.09670516693047429
2 0.42905133989340716 0.845784142253361 0.10647572930778501 0.09670516693047446