1 0.7256286025320138 0.08375127890025534 0.10269933674699842 0.10281877461060625
1 0.12972311028334732 0.25212713816323296 0.09957433674699834 0.10272784639736088
2 0.15148617626600697 0.049717023588074206 0.10269933674699834 0.09943404717614841
1 0.192153033777344 0.4506495546979957 0.10269933674699834 0.10281877461060632
1 0.27994843636582767 0.49348426088705966 0.09957433674699834 0.10272784639736088
2 0.17396155980335457 0.7563827291503175 0.10288134727034204 0.10594377461060614
2 0.4754058785580245 0.39623587318604514 0.09975634727034191 0.10585284639736088
2 0.7014818021226082 0.5156521482588697 0.09957433674699842 0.10272784639736088
2 0.9372064704961076 0.5588779963720902 0.09975634727034191 0.10585284639736088
1 0.9442887413310335 0.7879661027985809 0.09966534200867017 0.10429034639736087
0 0.7583801893495994 0.10862324676780173 0.05144067363517095 0.05297188730530311