1 0.9139536854797982 0.853125 0.09513702564056317 0.096875
2 0.6952528813031877 0.7703125 0.09513702564056317 0.096875
1 0.5780718434615155 0.87109375 0.09506425103345731 0.0953125
2 0.5173034714594434 0.95859375 0.09448205417661057 0.0828125
1 0.6045677994190994 0.4 0.09506425103345731 0.0953125
1 0.1704561267550737 0.53984375 0.09506425103345731 0.0953125
2 0.9168558219592906 0.2109375 0.09506425103345748 0.0953125
1 0.961274678969468 0.3640625 0.07745064206106385 0.0953125
0 0.9294714460282772 0.3140625 0.049203787427387624 0.05
2 0.2818173500810533 0.34765625 0.09513702564056317 0.096875
2 0.32620305086684154 0.34453125 0.09506425103345731 0.0953125