2 0.14795674452321667 0.3649776956651064 0.09817673871722894 0.10232118676785795
1 0.27058425079142284 0.31535172186256055 0.09505173871722886 0.10219385277546902
1 0.474979897267926 0.44775168087353984 0.09505173871722902 0.10219385277546919
2 0.6555479356685858 0.4316995524320893 0.09826766693047428 0.10544618676785796
1 0.5652542416202228 0.251667201139495 0.09505173871722886 0.10219385277546911
2 0.567199523356965 0.13079628562617535 0.09505173871722902 0.10219385277546911
2 0.8399610734361073 0.17234309296399944 0.09826766693047446 0.10544618676785786
2 0.6838681301126601 0.761369806386422 0.09670516693047429 0.1053825197716634
1 0.6941727957894932 0.8741563078692968 0.09826766693047428 0.10544618676785796
0 0.2917224310497322 0.6127360578321157 0.04667642319868044 0.048721342889637496
1 0.24357208755536525 0.6474492974519924 0.09505173871722886 0.10219385277546919