2 0.9318355702065186 0.6655104714978949 0.10325345941492117 0.09746587334017516
2 0.4772263421239112 0.39882994808296496 0.10325345941492117 0.09746587334017516
1 0.6389864078727936 0.08886511650448403 0.10481595941492117 0.09747496369925476
1 0.4799677382288772 0.24261176433974357 0.10325345941492117 0.09746587334017516
2 0.3616541148520826 0.2669208970496927 0.10481595941492108 0.09747496369925476
2 0.18823815990138842 0.1776397075509347 0.10325345941492108 0.09746587334017516
2 0.0772047970746054 0.48477497579950324 0.10481595941492108 0.09747496369925486
1 0.16432474187902985 0.5977704003693424 0.10481595941492108 0.09747496369925486
1 0.43476174715403565 0.7407356469514967 0.10325345941492099 0.09746587334017498
1 0.802851048289126 0.9287957457965874 0.10325345941492117 0.09746587334017534
0 0.4333672479681098 0.3923254180287356 0.05246252678536116 0.05186248184962734