1 0.19057624886834623 0.39465463091290853 0.11815021370395291 0.1123965237259962
1 0.7962884175698248 0.5688350053628455 0.11790455223856355 0.10770902372599629
2 0.6457882920617983 0.23674670003936865 0.11806832654882307 0.1108340237259962
1 0.9476927080497433 0.7926333082148641 0.10461458390051348 0.11070668973360753
2 0.6027432196968467 0.039296650913127285 0.11601450361804452 0.07859330182625457
2 0.9682531122790433 0.4125346313328381 0.06349377544191341 0.10968801779449713
2 0.521757649818286 0.32009239372730874 0.118150213703953 0.1123965237259962
1 0.4316395036180446 0.07949391003893112 0.11815021370395282 0.11239652372599618
1 0.704295669378847 0.6211243586326061 0.11494332654882307 0.11070668973360753
0 0.7930782083884276 0.5822754228533313 0.055745388964152195 0.05216467787060921
2 0.7914094877870698 0.5056174223590398 0.118150213703953 0.11239652372599629