1 0.61015625 0.03151783638690416 0.1078125 0.06303567277380832
1 0.56796875 0.1116402691103352 0.1109375 0.10893898801421238
2 0.16484375 0.04474925599289381 0.1078125 0.08949851198578762
1 0.3984375 0.35333752544191327 0.1078125 0.1087752137039529
1 0.20859375 0.43047431479017817 0.1078125 0.108775213703953
1 0.31484375 0.459280988241355 0.1078125 0.10877521370395282
2 0.4734375 0.4298756919956852 0.1125 0.10745837516934209
0 0.42265625 0.4161307745374021 0.0546875 0.05442855042954129
2 0.6203125 0.5307720494134885 0.1078125 0.108775213703953
2 0.49375 0.5850611589789985 0.109375 0.10885710085908258
2 0.909375 0.33202917571448437 0.1078125 0.10877521370395282